## Clustering history of event 3
## history_index parent1 parent2 child
0 -2 -2 933
1 -2 -2 1139
2 -2 -2 1031
3 -2 -2 912
4 -2 -2 702
5 -2 -2 901
6 -2 -2 721
7 -2 -2 893
8 -2 -2 737
9 -2 -2 821
10 -2 -2 665
11 -2 -2 755
12 -2 -2 927
13 -2 -2 1001
14 -2 -2 857
15 -2 -2 804
16 -2 -2 616
17 -2 -2 860
18 -2 -2 887
19 -2 -2 752
20 -2 -2 748
21 -2 -2 739
22 -2 -2 1020
23 -2 -2 705
24 -2 -2 661
25 -2 -2 645
26 -2 -2 625
27 -2 -2 691
28 -2 -2 657
29 -2 -2 711
30 -2 -2 745
31 -2 -2 636
32 -2 -2 705
33 -2 -2 1073
34 -2 -2 1065
35 -2 -2 854
36 -2 -2 727
37 -2 -2 649
38 -2 -2 610
39 -2 -2 699
40 -2 -2 693
41 -2 -2 644
42 -2 -2 637
43 -2 -2 637
44 -2 -2 647
45 -2 -2 811
46 -2 -2 602
47 -2 -2 624
48 -2 -2 683
49 -2 -2 590
50 -2 -2 672
51 -2 -2 802
52 -2 -2 598
53 -2 -2 956
54 -2 -2 703
55 -2 -2 1081
56 -2 -2 875
57 -2 -2 975
58 -2 -2 733
59 -2 -2 814
60 -2 -2 733
61 -2 -2 774
62 -2 -2 862
63 -2 -2 888
64 -2 -2 706
65 -2 -2 828
66 -2 -2 832
67 -2 -2 761
68 -2 -2 1041
69 -2 -2 665
70 -2 -2 778
71 -2 -2 821
72 -2 -2 1104
73 -2 -2 933
74 -2 -2 827
75 -2 -2 848
76 -2 -2 796
77 -2 -2 949
78 -2 -2 793
79 -2 -2 904
80 -2 -2 935
81 -2 -2 885
82 -2 -2 856
83 -2 -2 710
84 -2 -2 839
85 -2 -2 918
86 -2 -2 879
87 -2 -2 882
88 -2 -2 875
89 -2 -2 972
90 -2 -2 676
91 -2 -2 974
92 -2 -2 952
93 -2 -2 799
94 -2 -2 829
95 -2 -2 952
96 -2 -2 844
97 -2 -2 841
98 -2 -2 761
99 -2 -2 973
100 -2 -2 1043
101 -2 -2 1070
102 -2 -2 870
103 -2 -2 668
104 -2 -2 862
105 -2 -2 690
106 -2 -2 997
107 -2 -2 740
108 -2 -2 1075
109 -2 -2 947
110 -2 -2 689
111 -2 -2 937
112 -2 -2 783
113 -2 -2 698
114 -2 -2 700
115 -2 -2 864
116 -2 -2 810
117 -2 -2 598
118 -2 -2 801
119 -2 -2 816
120 -2 -2 943
121 -2 -2 604
122 -2 -2 596
123 -2 -2 922
124 -2 -2 803
125 -2 -2 809
126 -2 -2 748
127 -2 -2 891
128 -2 -2 773
129 -2 -2 660
130 -2 -2 750
131 -2 -2 660
132 -2 -2 625
133 -2 -2 753
134 -2 -2 601
135 -2 -2 708
136 -2 -2 651
137 -2 -2 867
138 -2 -2 720
139 -2 -2 947
140 -2 -2 626
141 -2 -2 644
142 -2 -2 738
143 -2 -2 656
144 -2 -2 647
145 -2 -2 643
146 -2 -2 838
147 -2 -2 592
148 -2 -2 613
149 -2 -2 592
150 -2 -2 587
151 -2 -2 667
152 -2 -2 638
153 -2 -2 674
154 -2 -2 872
155 -2 -2 759
156 -2 -2 1001
157 -2 -2 1098
158 -2 -2 1054
159 -2 -2 812
160 -2 -2 1106
161 -2 -2 1055
162 -2 -2 902
163 -2 -2 977
164 -2 -2 774
165 -2 -2 852
166 -2 -2 1033
167 -2 -2 865
168 -2 -2 977
169 -2 -2 847
170 -2 -2 869
171 -2 -2 820
172 -2 -2 809
173 -2 -2 1050
174 -2 -2 1138
175 -2 -2 984
176 -2 -2 819
177 -2 -2 971
178 -2 -2 1009
179 -2 -2 847
180 -2 -2 1051
181 -2 -2 885
182 -2 -2 717
183 -2 -2 1057
184 -2 -2 904
185 -2 -2 1011
186 -2 -2 789
187 -2 -2 980
188 -2 -2 1119
189 -2 -2 949
190 -2 -2 1046
191 -2 -2 994
192 -2 -2 897
193 -2 -2 909
194 -2 -2 896
195 -2 -2 909
196 -2 -2 856
197 -2 -2 967
198 -2 -2 993
199 -2 -2 908
200 -2 -2 742
201 -2 -2 923
202 -2 -2 808
203 -2 -2 973
204 -2 -2 807
205 -2 -2 690
206 -2 -2 1132
207 -2 -2 928
208 -2 -2 818
209 -2 -2 789
210 -2 -2 863
211 -2 -2 842
212 -2 -2 635
213 -2 -2 646
214 -2 -2 972
215 -2 -2 941
216 -2 -2 894
217 -2 -2 946
218 -2 -2 704
219 -2 -2 849
220 -2 -2 757
221 -2 -2 729
222 -2 -2 729
223 -2 -2 688
224 -2 -2 688
225 -2 -2 608
226 -2 -2 608
227 -2 -2 588
228 -2 -2 609
229 -2 -2 596
230 -2 -2 682
231 -2 -2 616
232 -2 -2 1037
233 -2 -2 619
234 -2 -2 724
235 -2 -2 1014
236 -2 -2 689
237 -2 -2 775
238 -2 -2 970
239 -2 -2 873
240 -2 -2 607
241 -2 -2 731
242 -2 -2 607
243 -2 -2 680
244 -2 -2 772
245 -2 -2 745
246 -2 -2 771
247 -2 -2 868
248 -2 -2 867
249 -2 -2 771
250 -2 -2 675
251 -2 -2 685
252 -2 -2 653
253 -2 -2 675
254 -2 -2 830
255 -2 -2 677
256 -2 -2 728
257 -2 -2 808
258 -2 -2 591
259 -2 -2 601
260 -2 -2 735
261 -2 -2 640
262 -2 -2 645
263 -2 -2 621
264 -2 -2 591
265 -2 -2 614
266 -2 -2 650
267 -2 -2 650
268 -2 -2 770
269 -2 -2 707
270 -2 -2 905
271 -2 -2 1036
272 -2 -2 781
273 -2 -2 585
274 -2 -2 585
275 -2 -2 780
276 -2 -2 606
277 -2 -2 775
278 -2 -2 827
279 -2 -2 740
280 -2 -2 659
281 -2 -2 659
282 -2 -2 878
283 -2 -2 1075
284 -2 -2 1069
285 -2 -2 1073
286 -2 -2 639
287 -2 -2 695
288 -2 -2 603
289 -2 -2 693
290 -2 -2 629
291 -2 -2 626
292 -2 -2 695
293 -2 -2 629
294 -2 -2 610
295 -2 -2 920
296 -2 -2 920
297 -2 -2 713
298 -2 -2 593
299 -2 -2 664
300 -2 -2 600
301 -2 -2 1003
302 -2 -2 694
303 -2 -2 846
304 -2 -2 746
305 -2 -2 777
306 -2 -2 788
307 -2 -2 779
308 -2 -2 781
309 -2 -2 848
310 -2 -2 589
311 -2 -2 892
312 -2 -2 673
313 -2 -2 762
314 -2 -2 835
315 -2 -2 911
316 -2 -2 916
317 -2 -2 978
318 -2 -2 865
319 -2 -2 818
320 -2 -2 996
321 -2 -2 816
322 -2 -2 930
323 -2 -2 642
324 -2 -2 887
325 -2 -2 964
326 -2 -2 782
327 -2 -2 825
328 -2 -2 815
329 -2 -2 841
330 -2 -2 879
331 -2 -2 813
332 -2 -2 793
333 -2 -2 883
334 -2 -2 978
335 -2 -2 654
336 -2 -2 710
337 -2 -2 938
338 -2 -2 883
339 -2 -2 835
340 -2 -2 668
341 -2 -2 828
342 -2 -2 815
343 -2 -2 768
344 -2 -2 853
345 -2 -2 783
346 -2 -2 709
347 -2 -2 832
348 -2 -2 859
349 -2 -2 895
350 -2 -2 1146
351 -2 -2 915
352 -2 -2 803
353 -2 -2 939
354 -2 -2 736
355 -2 -2 1096
356 -2 -2 776
357 -2 -2 874
358 -2 -2 1168
359 -2 -2 788
360 -2 -2 825
361 -2 -2 786
362 -2 -2 669
363 -2 -2 768
364 -2 -2 698
365 -2 -2 720
366 -2 -2 880
367 -2 -2 925
368 -2 -2 889
369 -2 -2 1062
370 -2 -2 979
371 -2 -2 868
372 -2 -2 766
373 -2 -2 871
374 -2 -2 779
375 -2 -2 666
376 -2 -2 653
377 -2 -2 657
378 -2 -2 640
379 -2 -2 630
380 -2 -2 630
381 -2 -2 599
382 -2 -2 599
383 -2 -2 1113
384 -2 -2 1159
385 -2 -2 618
386 -2 -2 618
387 -2 -2 655
388 -2 -2 623
389 -2 -2 734
390 -2 -2 635
391 -2 -2 603
392 -2 -2 627
393 -2 -2 810
394 -2 -2 961
395 -2 -2 602
396 -2 -2 718
397 -2 -2 857
398 -2 -2 811
399 -2 -2 683
400 -2 -2 624
401 -2 -2 595
402 -2 -2 587
403 -2 -2 817
404 -2 -2 960
405 -2 -2 928
406 -2 -2 673
407 -2 -2 959
408 -2 -2 700
409 -2 -2 654
410 -2 -2 917
411 -2 -2 897
412 -2 -2 820
413 -2 -2 892
414 -2 -2 895
415 -2 -2 950
416 -2 -2 950
417 -2 -2 606
418 -2 -2 824
419 -2 -2 1066
420 -2 -2 807
421 -2 -2 913
422 -2 -2 913
423 -2 -2 822
424 -2 -2 1049
425 -2 -2 1054
426 -2 -2 1116
427 -2 -2 762
428 -2 -2 814
429 -2 -2 869
430 -2 -2 987
431 -2 -2 1121
432 -2 -2 1058
433 -2 -2 1017
434 -2 -2 938
435 -2 -2 1076
436 -2 -2 989
437 -2 -2 917
438 -2 -2 902
439 -2 -2 845
440 -2 -2 702
441 -2 -2 839
442 -2 -2 1071
443 -2 -2 951
444 -2 -2 853
445 -2 -2 919
446 -2 -2 765
447 -2 -2 765
448 -2 -2 859
449 -2 -2 888
450 -2 -2 863
451 -2 -2 1043
452 -2 -2 1078
453 -2 -2 823
454 -2 -2 741
455 -2 -2 998
456 -2 -2 794
457 -2 -2 620
458 -2 -2 678
459 -2 -2 812
460 -2 -2 717
461 -2 -2 894
462 -2 -2 787
463 -2 -2 872
464 -2 -2 671
465 -2 -2 741
466 -2 -2 864
467 -2 -2 800
468 -2 -2 795
469 -2 -2 912
470 -2 -2 641
471 -2 -2 1007
472 -2 -2 910
473 -2 -2 593
474 -2 -2 758
475 -2 -2 759
476 -2 -2 749
477 -2 -2 604
478 -2 -2 617
479 -2 -2 824
480 -2 -2 1048
481 -2 -2 715
482 -2 -2 889
483 -2 -2 589
484 -2 -2 805
485 -2 -2 669
486 -2 -2 619
487 -2 -2 846
488 -2 -2 834
489 -2 -2 680
490 -2 -2 636
491 -2 -2 961
492 -2 -2 932
493 -2 -2 694
494 -2 -2 1044
495 -2 -2 715
496 -2 -2 915
497 -2 -2 666
498 -2 -2 769
499 -2 -2 622
500 -2 -2 769
501 -2 -2 735
502 -2 -2 709
503 -2 -2 632
504 -2 -2 905
505 -2 -2 901
506 -2 -2 773
507 -2 -2 801
508 -2 -2 1005
509 -2 -2 979
510 -2 -2 998
511 -2 -2 656
512 -2 -2 958
513 -2 -2 600
514 -2 -2 664
515 -2 -2 667
516 -2 -2 612
517 -2 -2 586
518 -2 -2 744
519 -2 -2 753
520 -2 -2 798
521 -2 -2 891
522 -2 -2 784
523 -2 -2 620
524 -2 -2 833
525 -2 -2 784
526 -2 -2 776
527 -2 -2 817
528 -2 -2 671
529 -2 -2 964
530 -2 -2 658
531 -2 -2 686
532 -2 -2 796
533 -2 -2 850
534 -2 -2 686
535 -2 -2 658
536 -2 -2 1026
537 -2 -2 994
538 -2 -2 980
539 -2 -2 999
540 -2 -2 946
541 -2 -2 641
542 -2 -2 782
543 -2 -2 866
544 -2 -2 764
545 -2 -2 911
546 -2 -2 800
547 -2 -2 795
548 -2 -2 639
549 -2 -2 703
550 -2 -2 990
551 -2 -2 931
552 -2 -2 931
553 -2 -2 727
554 -2 -2 982
555 -2 -2 799
556 -2 -2 1034
557 -2 -2 737
558 -2 -2 871
559 -2 -2 777
560 -2 -2 642
561 -2 -2 921
562 -2 -2 826
563 -2 -2 822
564 -2 -2 845
565 -2 -2 896
566 -2 -2 622
567 -2 -2 787
568 -2 -2 730
569 -2 -2 597
570 -2 -2 586
571 -2 -2 696
572 -2 -2 755
573 -2 -2 597
574 -2 -2 730
575 -2 -2 612
576 -2 -2 611
577 -2 -2 836
578 -2 -2 706
579 -2 -2 588
580 -2 -2 605
581 -2 -2 594
582 -2 -2 684
583 -2 -2 611
584 -2 -2 594
585 273 274 985
586 517 570 590
587 150 402 595
588 227 579 609
589 310 483 860
590 49 586 631
591 258 264 614
592 147 149 613
593 298 473 643
594 581 584 605
595 401 587 638
596 122 229 648
597 569 573 617
598 52 117 757
599 381 382 651
600 300 513 615
601 134 259 621
602 46 395 615
603 288 391 627
604 121 477 648
605 580 594 631
606 276 417 766
607 240 242 632
608 225 226 701
609 228 588 682
610 38 294 687
611 576 583 634
612 516 575 634
613 148 592 679
614 265 591 633
615 600 602 716
616 16 231 628
617 478 597 628
618 385 386 623
619 233 486 924
620 457 523 678
621 263 601 681
622 499 566 764
623 388 618 655
624 47 400 646
625 26 132 633
626 140 291 670
627 392 603 670
628 616 617 662
629 290 293 725
630 379 380 697
631 590 605 652
632 503 607 707
633 614 625 681
634 611 612 652
635 212 390 649
636 31 490 711
637 42 43 767
638 152 595 672
639 286 548 794
640 261 378 676
641 470 541 823
642 323 560 833
643 145 593 713
644 41 141 738
645 25 262 697
646 213 624 679
647 44 144 704
648 596 604 662
649 37 635 663
650 266 267 692
651 136 599 691
652 631 634 696
653 252 376 714
654 335 409 935
655 387 623 663
656 143 511 687
657 28 377 692
658 530 535 760
659 280 281 854
660 129 131 661
661 24 660 677
662 628 648 684
663 649 655 699
664 299 514 716
665 10 69 851
666 375 497 685
667 151 515 712
668 103 340 852
669 362 485 763
670 626 627 747
671 464 528 736
672 50 638 674
673 312 406 1059
674 153 672 756
675 250 253 754
676 90 640 719
677 255 661 714
678 458 620 724
679 613 646 718
680 243 489 731
681 621 633 708
682 230 609 722
683 48 399 732
684 582 662 701
685 251 666 855
686 531 534 760
687 610 656 725
688 223 224 778
689 110 236 780
690 105 205 967
691 27 651 723
692 650 657 723
693 40 289 858
694 302 493 746
695 287 292 747
696 571 652 712
697 630 645 726
698 113 364 829
699 39 663 734
700 114 408 844
701 608 684 722
702 4 440 1071
703 54 549 805
704 218 647 890
705 23 32 797
706 64 578 721
707 269 632 797
708 135 681 719
709 346 502 754
710 83 336 953
711 29 636 739
712 667 696 756
713 297 643 838
714 653 677 750
715 481 495 900
716 615 664 743
717 182 460 1051
718 396 679 732
719 676 708 726
720 138 365 880
721 6 706 893
722 682 701 804
723 691 692 728
724 234 678 763
725 629 687 751
726 697 719 840
727 36 553 1093
728 256 723 790
729 221 222 886
730 568 574 849
731 241 680 834
732 683 718 743
733 58 60 1055
734 389 699 767
735 260 501 742
736 354 671 752
737 8 557 882
738 142 644 785
739 21 711 831
740 107 279 874
741 454 465 923
742 200 735 934
743 716 732 858
744 518 -1 -3
745 30 245 770
746 304 694 1003
747 670 695 751
748 20 126 884
749 476 -1 -3
750 130 714 790
751 725 747 792
752 19 736 922
753 133 519 840
754 675 709 791
755 11 572 899
756 674 712 802
757 220 598 758
758 474 757 899
759 155 475 976
760 658 686 819
761 67 98 957
762 313 427 929
763 669 724 786
764 544 622 861
765 446 447 837
766 372 606 881
767 637 734 785
768 343 363 903
769 498 500 855
770 268 745 806
771 246 249 772
772 244 771 884
773 128 506 926
774 61 164 813
775 237 277 873
776 356 526 910
777 305 559 1136
778 70 688 851
779 307 374 1091
780 275 689 881
781 272 308 986
782 326 542 936
783 112 345 1008
784 522 525 798
785 738 767 792
786 361 763 842
787 462 567 861
788 306 359 939
789 186 209 826
790 728 750 791
791 754 790 830
792 751 785 876
793 78 332 999
794 456 639 878
795 468 547 866
796 76 532 907
797 705 707 806
798 520 784 960
799 93 555 982
800 467 546 959
801 118 507 1085
802 51 756 914
803 124 352 1107
804 15 722 877
805 484 703 900
806 770 797 831
807 204 420 993
808 202 257 919
809 125 172 1056
810 116 393 1016
811 45 398 951
812 159 459 870
813 331 774 1064
814 59 428 945
815 328 342 837
816 119 321 886
817 403 527 983
818 208 319 929
819 176 760 850
820 171 412 945
821 9 71 1122
822 423 563 1049
823 453 641 936
824 418 479 843
825 327 360 1007
826 562 789 1099
827 74 278 921
828 65 341 992
829 94 698 903
830 254 791 898
831 739 806 942
832 66 347 991
833 524 642 1019
834 488 731 942
835 314 339 969
836 577 -1 -3
837 765 815 1027
838 146 713 876
839 84 441 918
840 726 753 906
841 97 329 992
842 211 786 843
843 824 842 962
844 96 700 937
845 439 564 944
846 303 487 1020
847 169 179 1023
848 75 309 1090
849 219 730 877
850 533 819 907
851 665 778 1022
852 165 668 1042
853 344 444 941
854 35 659 1006
855 685 769 898
856 82 196 944
857 14 397 948
858 693 743 965
859 348 448 991
860 17 589 962
861 764 787 908
862 62 104 954
863 210 450 974
864 115 466 981
865 167 318 955
866 543 795 963
867 137 248 966
868 247 371 940
869 170 429 953
870 102 812 1135
871 373 558 1028
872 154 463 1094
873 239 775 940
874 357 740 990
875 56 88 1027
876 792 838 890
877 804 849 948
878 282 794 1006
879 86 330 916
880 366 720 930
881 766 780 986
882 87 737 1024
883 333 338 969
884 748 772 966
885 81 181 1009
886 729 816 943
887 18 324 956
888 63 449 981
889 368 482 924
890 704 876 1040
891 127 521 932
892 311 413 1081
893 7 721 914
894 216 461 1018
895 349 414 1033
896 194 565 1041
897 192 411 1013
898 830 855 906
899 755 758 968
900 715 805 1010
901 5 505 1010
902 162 438 975
903 768 829 1032
904 79 184 1076
905 270 504 926
906 840 898 1053
907 796 850 971
908 199 861 1018
909 193 195 954
910 472 776 1067
911 315 545 963
912 3 469 1002
913 421 422 984
914 802 893 1053
915 351 496 1072
916 316 879 957
917 410 437 988
918 85 839 1087
919 445 808 1035
920 295 296 983
921 561 827 985
922 123 752 1012
923 201 741 1002
924 619 889 925
925 367 924 1047
926 773 905 1079
927 12 -1 -3
928 207 405 987
929 762 818 989
930 322 880 1065
931 551 552 1117
932 492 891 1036
933 0 73 1074
934 742 -1 -3
935 80 654 988
936 782 823 1004
937 111 844 1032
938 337 434 996
939 353 788 1044
940 868 873 1000
941 215 853 1034
942 831 834 1000
943 120 886 1022
944 845 856 1025
945 814 820 1023
946 217 540 1029
947 109 139 1005
948 857 877 968
949 77 189 1015
950 415 416 1026
951 443 811 965
952 92 95 995
953 710 869 1099
954 862 909 955
955 865 954 1025
956 53 887 1037
957 761 916 1024
958 512 -1 -3
959 407 800 1086
960 404 798 1016
961 394 491 1056
962 843 860 1014
963 866 911 995
964 325 529 1103
965 858 951 1040
966 867 884 970
967 197 690 1080
968 899 948 1061
969 835 883 1052
970 238 966 1021
971 177 907 1083
972 89 214 1039
973 99 203 1077
974 91 863 1008
975 57 902 1110
976 759 -1 -3
977 163 168 1045
978 317 334 1011
979 370 509 1030
980 187 538 1082
981 864 888 1095
982 554 799 1095
983 817 920 1090
984 175 913 1045
985 585 921 1068
986 781 881 1068
987 430 928 1015
988 917 935 1013
989 436 929 1057
990 550 874 1030
991 832 859 997
992 828 841 1004
993 198 807 1066
994 191 537 1078
995 952 963 1038
996 320 938 1064
997 106 991 1050
998 455 510 1113
999 539 793 1046
1000 940 942 1084
1001 13 156 1029
1002 912 923 1092
1003 301 746 1028
1004 936 992 1060
1005 508 947 1074
1006 854 878 1069
1007 471 825 1012
1008 783 974 1070
1009 178 885 1083
1010 900 901 1091
1011 185 978 1111
1012 922 1007 1109
1013 897 988 1082
1014 235 962 1047
1015 949 987 1059
1016 810 960 1019
1017 433 -1 -3
1018 894 908 1120
1019 833 1016 1089
1020 22 846 1021
1021 970 1020 1084
1022 851 943 1085
1023 847 945 1042
1024 882 957 1086
1025 944 955 1087
1026 536 950 1102
1027 837 875 1038
1028 871 1003 1094
1029 946 1001 1096
1030 979 990 1105
1031 2 -1 -3
1032 903 937 1060
1033 166 895 1098
1034 556 941 1039
1035 919 -1 -3
1036 271 932 1072
1037 232 956 1103
1038 995 1027 1092
1039 972 1034 1120
1040 890 965 1061
1041 68 896 1110
1042 852 1023 1114
1043 100 451 1077
1044 494 939 1062
1045 977 984 1063
1046 190 999 1123
1047 925 1014 1048
1048 480 1047 1122
1049 424 822 1112
1050 173 997 1125
1051 180 717 1052
1052 969 1051 1100
1053 906 914 1144
1054 158 425 1147
1055 161 733 1063
1056 809 961 1143
1057 183 989 1058
1058 432 1057 1130
1059 673 1015 1119
1060 1004 1032 1141
1061 968 1040 1140
1062 369 1044 1067
1063 1045 1055 1112
1064 813 996 1121
1065 34 930 1088
1066 419 993 1080
1067 910 1062 1109
1068 985 986 1126
1069 284 1006 1105
1070 101 1008 1101
1071 442 702 1097
1072 915 1036 1107
1073 33 285 1131
1074 933 1005 1093
1075 108 283 1104
1076 435 904 1111
1077 973 1043 1125
1078 452 994 1102
1079 926 -1 -3
1080 967 1066 1101
1081 55 892 1135
1082 980 1013 1114
1083 971 1009 1148
1084 1000 1021 1126
1085 801 1022 1088
1086 959 1024 1138
1087 918 1025 1097
1088 1065 1085 1108
1089 1019 -1 -3
1090 848 983 1118
1091 779 1010 1133
1092 1002 1038 1106
1093 727 1074 1131
1094 872 1028 1115
1095 981 982 1129
1096 355 1029 1124
1097 1071 1087 1151
1098 157 1033 1146
1099 826 953 1100
1100 1052 1099 1128
1101 1070 1080 1129
1102 1026 1078 1128
1103 964 1037 1137
1104 72 1075 1108
1105 1030 1069 1149
1106 160 1092 1141
1107 803 1072 1127
1108 1088 1104 1149
1109 1012 1067 1169
1110 975 1041 1151
1111 1011 1076 1130
1112 1049 1063 1142
1113 383 998 1139
1114 1042 1082 1123
1115 1094 -1 -3
1116 426 -1 -3
1117 931 -1 -3
1118 1090 -1 -3
1119 188 1059 1132
1120 1018 1039 1134
1121 431 1064 1142
1122 821 1048 1133
1123 1046 1114 1164
1124 1096 -1 -3
1125 1050 1077 1163
1126 1068 1084 1127
1127 1107 1126 1153
1128 1100 1102 1148
1129 1095 1101 1154
1130 1058 1111 1157
1131 1073 1093 1152
1132 206 1119 1158
1133 1091 1122 1137
1134 1120 -1 -3
1135 870 1081 1162
1136 777 -1 -3
1137 1103 1133 1165
1138 174 1086 1145
1139 1 1113 1150
1140 1061 -1 -3
1141 1060 1106 1145
1142 1112 1121 1155
1143 1056 -1 -3
1144 1053 -1 -3
1145 1138 1141 1167
1146 350 1098 1147
1147 1054 1146 1156
1148 1083 1128 1161
1149 1105 1108 1160
1150 1139 -1 -3
1151 1097 1110 1166
1152 1131 -1 -3
1153 1127 -1 -3
1154 1129 -1 -3
1155 1142 -1 -3
1156 1147 -1 -3
1157 1130 -1 -3
1158 1132 -1 -3
1159 384 -1 -3
1160 1149 -1 -3
1161 1148 -1 -3
1162 1135 -1 -3
1163 1125 -1 -3
1164 1123 -1 -3
1165 1137 -1 -3
1166 1151 -1 -3
1167 1145 -1 -3
1168 358 -1 -3
1169 1109 -1 -3
