## Clustering history of event 9
## history_index parent1 parent2 child
0 -2 -2 422
1 -2 -2 583
2 -2 -2 438
3 -2 -2 490
4 -2 -2 431
5 -2 -2 484
6 -2 -2 497
7 -2 -2 515
8 -2 -2 388
9 -2 -2 301
10 -2 -2 388
11 -2 -2 341
12 -2 -2 328
13 -2 -2 328
14 -2 -2 313
15 -2 -2 308
16 -2 -2 345
17 -2 -2 351
18 -2 -2 455
19 -2 -2 304
20 -2 -2 383
21 -2 -2 347
22 -2 -2 344
23 -2 -2 425
24 -2 -2 315
25 -2 -2 350
26 -2 -2 354
27 -2 -2 436
28 -2 -2 333
29 -2 -2 316
30 -2 -2 435
31 -2 -2 504
32 -2 -2 418
33 -2 -2 448
34 -2 -2 499
35 -2 -2 526
36 -2 -2 521
37 -2 -2 556
38 -2 -2 546
39 -2 -2 375
40 -2 -2 540
41 -2 -2 380
42 -2 -2 478
43 -2 -2 294
44 -2 -2 309
45 -2 -2 367
46 -2 -2 359
47 -2 -2 322
48 -2 -2 310
49 -2 -2 512
50 -2 -2 506
51 -2 -2 411
52 -2 -2 462
53 -2 -2 466
54 -2 -2 416
55 -2 -2 457
56 -2 -2 566
57 -2 -2 543
58 -2 -2 349
59 -2 -2 365
60 -2 -2 312
61 -2 -2 365
62 -2 -2 337
63 -2 -2 307
64 -2 -2 417
65 -2 -2 384
66 -2 -2 298
67 -2 -2 354
68 -2 -2 319
69 -2 -2 493
70 -2 -2 456
71 -2 -2 376
72 -2 -2 436
73 -2 -2 320
74 -2 -2 376
75 -2 -2 320
76 -2 -2 442
77 -2 -2 492
78 -2 -2 522
79 -2 -2 508
80 -2 -2 579
81 -2 -2 531
82 -2 -2 476
83 -2 -2 546
84 -2 -2 463
85 -2 -2 399
86 -2 -2 503
87 -2 -2 375
88 -2 -2 386
89 -2 -2 447
90 -2 -2 380
91 -2 -2 394
92 -2 -2 371
93 -2 -2 468
94 -2 -2 500
95 -2 -2 486
96 -2 -2 367
97 -2 -2 377
98 -2 -2 396
99 -2 -2 443
100 -2 -2 439
101 -2 -2 448
102 -2 -2 308
103 -2 -2 330
104 -2 -2 382
105 -2 -2 306
106 -2 -2 509
107 -2 -2 501
108 -2 -2 451
109 -2 -2 458
110 -2 -2 521
111 -2 -2 531
112 -2 -2 542
113 -2 -2 545
114 -2 -2 483
115 -2 -2 562
116 -2 -2 469
117 -2 -2 407
118 -2 -2 498
119 -2 -2 461
120 -2 -2 508
121 -2 -2 553
122 -2 -2 469
123 -2 -2 431
124 -2 -2 426
125 -2 -2 515
126 -2 -2 352
127 -2 -2 314
128 -2 -2 341
129 -2 -2 301
130 -2 -2 348
131 -2 -2 304
132 -2 -2 440
133 -2 -2 381
134 -2 -2 300
135 -2 -2 325
136 -2 -2 315
137 -2 -2 372
138 -2 -2 360
139 -2 -2 311
140 -2 -2 292
141 -2 -2 378
142 -2 -2 395
143 -2 -2 307
144 -2 -2 319
145 -2 -2 311
146 -2 -2 329
147 -2 -2 475
148 -2 -2 363
149 -2 -2 518
150 -2 -2 549
151 -2 -2 488
152 -2 -2 470
153 -2 -2 452
154 -2 -2 545
155 -2 -2 393
156 -2 -2 460
157 -2 -2 551
158 -2 -2 481
159 -2 -2 453
160 -2 -2 517
161 -2 -2 460
162 -2 -2 523
163 -2 -2 481
164 -2 -2 414
165 -2 -2 299
166 -2 -2 323
167 -2 -2 369
168 -2 -2 321
169 -2 -2 390
170 -2 -2 390
171 -2 -2 396
172 -2 -2 309
173 -2 -2 415
174 -2 -2 404
175 -2 -2 427
176 -2 -2 377
177 -2 -2 305
178 -2 -2 310
179 -2 -2 322
180 -2 -2 449
181 -2 -2 359
182 -2 -2 356
183 -2 -2 302
184 -2 -2 411
185 -2 -2 477
186 -2 -2 466
187 -2 -2 514
188 -2 -2 497
189 -2 -2 553
190 -2 -2 334
191 -2 -2 519
192 -2 -2 352
193 -2 -2 312
194 -2 -2 372
195 -2 -2 331
196 -2 -2 340
197 -2 -2 292
198 -2 -2 413
199 -2 -2 413
200 -2 -2 333
201 -2 -2 357
202 -2 -2 335
203 -2 -2 335
204 -2 -2 495
205 -2 -2 495
206 -2 -2 518
207 -2 -2 494
208 -2 -2 406
209 -2 -2 386
210 -2 -2 536
211 -2 -2 543
212 -2 -2 443
213 -2 -2 415
214 -2 -2 302
215 -2 -2 453
216 -2 -2 330
217 -2 -2 306
218 -2 -2 501
219 -2 -2 451
220 -2 -2 483
221 -2 -2 552
222 -2 -2 526
223 -2 -2 542
224 -2 -2 471
225 -2 -2 407
226 -2 -2 461
227 -2 -2 416
228 -2 -2 558
229 -2 -2 334
230 -2 -2 410
231 -2 -2 314
232 -2 -2 397
233 -2 -2 399
234 -2 -2 383
235 -2 -2 325
236 -2 -2 384
237 -2 -2 409
238 -2 -2 434
239 -2 -2 300
240 -2 -2 318
241 -2 -2 298
242 -2 -2 297
243 -2 -2 363
244 -2 -2 408
245 -2 -2 467
246 -2 -2 297
247 -2 -2 442
248 -2 -2 498
249 -2 -2 500
250 -2 -2 338
251 -2 -2 567
252 -2 -2 474
253 -2 -2 491
254 -2 -2 472
255 -2 -2 505
256 -2 -2 463
257 -2 -2 465
258 -2 -2 338
259 -2 -2 323
260 -2 -2 294
261 -2 -2 321
262 -2 -2 295
263 -2 -2 295
264 -2 -2 296
265 -2 -2 317
266 -2 -2 296
267 -2 -2 324
268 -2 -2 346
269 -2 -2 393
270 -2 -2 569
271 -2 -2 552
272 -2 -2 528
273 -2 -2 327
274 -2 -2 499
275 -2 -2 502
276 -2 -2 424
277 -2 -2 482
278 -2 -2 317
279 -2 -2 374
280 -2 -2 392
281 -2 -2 374
282 -2 -2 339
283 -2 -2 326
284 -2 -2 293
285 -2 -2 343
286 -2 -2 324
287 -2 -2 305
288 -2 -2 326
289 -2 -2 293
290 -2 -2 303
291 -2 -2 329
292 140 197 331
293 284 289 303
294 43 260 394
295 262 263 299
296 264 266 339
297 242 246 385
298 66 241 340
299 165 295 371
300 134 239 368
301 9 129 362
302 183 214 356
303 290 293 316
304 19 131 345
305 177 287 342
306 105 217 382
307 63 143 344
308 15 102 313
309 44 172 404
310 48 178 336
311 139 145 318
312 60 193 358
313 14 308 353
314 127 231 337
315 24 136 347
316 29 303 327
317 265 278 355
318 240 311 350
319 68 144 403
320 73 75 387
321 168 261 391
322 47 179 336
323 166 259 369
324 267 286 346
325 135 235 351
326 283 288 343
327 273 316 332
328 12 13 370
329 146 291 332
330 103 216 353
331 195 292 366
332 327 329 361
333 28 200 357
334 190 229 426
335 202 203 405
336 310 322 379
337 62 314 349
338 250 258 468
339 282 296 342
340 196 298 373
341 11 128 362
342 305 339 355
343 285 326 361
344 22 307 366
345 16 304 348
346 268 324 364
347 21 315 368
348 130 345 381
349 58 337 398
350 25 318 360
351 17 325 419
352 126 192 358
353 313 330 370
354 26 67 395
355 317 342 364
356 182 302 379
357 201 333 387
358 312 352 398
359 46 181 389
360 138 350 373
361 332 343 385
362 301 341 397
363 148 243 408
364 346 355 392
365 59 61 410
366 331 344 402
367 45 96 430
368 300 347 401
369 167 323 391
370 328 353 400
371 92 299 444
372 137 194 401
373 340 360 378
374 279 281 437
375 39 87 406
376 71 74 405
377 97 176 432
378 141 373 403
379 336 356 389
380 41 90 510
381 133 348 419
382 104 306 400
383 20 234 409
384 65 236 425
385 297 361 418
386 88 209 472
387 320 357 433
388 8 10 412
389 359 379 422
390 169 170 446
391 321 369 414
392 280 364 430
393 155 269 458
394 91 294 421
395 142 354 428
396 98 171 427
397 232 362 412
398 349 358 420
399 85 233 480
400 370 382 445
401 368 372 402
402 366 401 441
403 319 378 417
404 174 309 450
405 335 376 433
406 208 375 505
407 117 225 438
408 244 363 429
409 237 383 423
410 230 365 420
411 51 184 477
412 388 397 445
413 198 199 464
414 164 391 421
415 173 213 446
416 54 227 462
417 64 403 428
418 32 385 429
419 351 381 423
420 398 410 513
421 394 414 444
422 0 389 479
423 409 419 434
424 276 -1 -3
425 23 384 455
426 124 334 519
427 175 396 432
428 395 417 441
429 408 418 435
430 367 392 437
431 4 123 457
432 377 427 450
433 387 405 454
434 238 423 459
435 30 429 513
436 27 72 454
437 374 430 485
438 2 407 471
439 100 -1 -3
440 132 -1 -3
441 402 428 456
442 76 247 452
443 99 212 473
444 371 421 447
445 400 412 479
446 390 415 473
447 89 444 465
448 33 101 470
449 180 -1 -3
450 404 432 485
451 108 219 534
452 153 442 490
453 159 215 510
454 433 436 464
455 18 425 459
456 70 441 487
457 55 431 484
458 109 393 506
459 434 455 487
460 156 161 503
461 119 226 489
462 52 416 489
463 84 256 539
464 413 454 525
465 257 447 478
466 53 186 496
467 245 -1 -3
468 93 338 493
469 116 122 511
470 152 448 504
471 224 438 511
472 254 386 474
473 443 446 538
474 252 472 482
475 147 -1 -3
476 82 -1 -3
477 185 411 512
478 42 465 524
479 422 445 516
480 399 -1 -3
481 158 163 523
482 277 474 491
483 114 220 533
484 5 457 536
485 437 450 507
486 95 -1 -3
487 456 459 507
488 151 -1 -3
489 461 462 496
490 3 452 541
491 253 482 494
492 77 -1 -3
493 69 468 532
494 207 491 529
495 204 205 548
496 466 489 537
497 6 188 544
498 118 248 502
499 34 274 535
500 94 249 520
501 107 218 509
502 275 498 541
503 86 460 527
504 31 470 520
505 255 406 517
506 50 458 528
507 485 487 525
508 79 120 522
509 106 501 561
510 380 453 524
511 469 471 537
512 49 477 555
513 420 435 516
514 187 -1 -3
515 7 125 550
516 479 513 554
517 160 505 527
518 149 206 529
519 191 426 550
520 500 504 530
521 36 110 561
522 78 508 571
523 162 481 540
524 478 510 532
525 464 507 557
526 35 222 533
527 503 517 547
528 272 506 534
529 494 518 539
530 520 -1 -3
531 81 111 555
532 493 524 572
533 483 526 559
534 451 528 560
535 499 -1 -3
536 210 484 544
537 496 511 582
538 473 -1 -3
539 463 529 547
540 40 523 564
541 490 502 549
542 112 223 559
543 57 211 558
544 497 536 580
545 113 154 576
546 38 83 556
547 527 539 578
548 495 -1 -3
549 150 541 581
550 515 519 577
551 157 -1 -3
552 221 271 573
553 121 189 565
554 516 -1 -3
555 512 531 560
556 37 546 563
557 525 -1 -3
558 228 543 570
559 533 542 562
560 534 555 568
561 509 521 574
562 115 559 575
563 556 -1 -3
564 540 -1 -3
565 553 -1 -3
566 56 -1 -3
567 251 -1 -3
568 560 -1 -3
569 270 -1 -3
570 558 -1 -3
571 522 -1 -3
572 532 -1 -3
573 552 -1 -3
574 561 -1 -3
575 562 -1 -3
576 545 -1 -3
577 550 -1 -3
578 547 -1 -3
579 80 -1 -3
580 544 -1 -3
581 549 -1 -3
582 537 -1 -3
583 1 -1 -3
