## Clustering history of event 0
## history_index parent1 parent2 child
0 -2 -2 683
1 -2 -2 679
2 -2 -2 717
3 -2 -2 684
4 -2 -2 837
5 -2 -2 812
6 -2 -2 945
7 -2 -2 1067
8 -2 -2 1189
9 -2 -2 737
10 -2 -2 1280
11 -2 -2 1243
12 -2 -2 849
13 -2 -2 899
14 -2 -2 998
15 -2 -2 809
16 -2 -2 1103
17 -2 -2 1130
18 -2 -2 971
19 -2 -2 1243
20 -2 -2 1206
21 -2 -2 984
22 -2 -2 1087
23 -2 -2 1003
24 -2 -2 915
25 -2 -2 800
26 -2 -2 1022
27 -2 -2 993
28 -2 -2 978
29 -2 -2 978
30 -2 -2 864
31 -2 -2 697
32 -2 -2 845
33 -2 -2 854
34 -2 -2 723
35 -2 -2 819
36 -2 -2 763
37 -2 -2 830
38 -2 -2 943
39 -2 -2 1009
40 -2 -2 1140
41 -2 -2 1095
42 -2 -2 822
43 -2 -2 863
44 -2 -2 762
45 -2 -2 894
46 -2 -2 851
47 -2 -2 1181
48 -2 -2 735
49 -2 -2 1063
50 -2 -2 877
51 -2 -2 1108
52 -2 -2 981
53 -2 -2 706
54 -2 -2 730
55 -2 -2 706
56 -2 -2 798
57 -2 -2 722
58 -2 -2 1027
59 -2 -2 866
60 -2 -2 787
61 -2 -2 736
62 -2 -2 913
63 -2 -2 732
64 -2 -2 760
65 -2 -2 733
66 -2 -2 785
67 -2 -2 748
68 -2 -2 723
69 -2 -2 747
70 -2 -2 897
71 -2 -2 938
72 -2 -2 877
73 -2 -2 761
74 -2 -2 827
75 -2 -2 712
76 -2 -2 1231
77 -2 -2 954
78 -2 -2 807
79 -2 -2 740
80 -2 -2 904
81 -2 -2 1198
82 -2 -2 920
83 -2 -2 1175
84 -2 -2 1046
85 -2 -2 962
86 -2 -2 1335
87 -2 -2 1316
88 -2 -2 1155
89 -2 -2 1325
90 -2 -2 856
91 -2 -2 1160
92 -2 -2 1025
93 -2 -2 763
94 -2 -2 917
95 -2 -2 935
96 -2 -2 885
97 -2 -2 1066
98 -2 -2 1204
99 -2 -2 1056
100 -2 -2 1313
101 -2 -2 707
102 -2 -2 707
103 -2 -2 679
104 -2 -2 985
105 -2 -2 1241
106 -2 -2 1213
107 -2 -2 949
108 -2 -2 709
109 -2 -2 1040
110 -2 -2 1014
111 -2 -2 1076
112 -2 -2 1012
113 -2 -2 1089
114 -2 -2 843
115 -2 -2 1135
116 -2 -2 758
117 -2 -2 986
118 -2 -2 930
119 -2 -2 832
120 -2 -2 1055
121 -2 -2 862
122 -2 -2 1274
123 -2 -2 1201
124 -2 -2 1141
125 -2 -2 852
126 -2 -2 820
127 -2 -2 1084
128 -2 -2 971
129 -2 -2 1176
130 -2 -2 1048
131 -2 -2 1189
132 -2 -2 1086
133 -2 -2 880
134 -2 -2 915
135 -2 -2 831
136 -2 -2 1035
137 -2 -2 931
138 -2 -2 918
139 -2 -2 887
140 -2 -2 857
141 -2 -2 979
142 -2 -2 1040
143 -2 -2 956
144 -2 -2 990
145 -2 -2 1309
146 -2 -2 955
147 -2 -2 989
148 -2 -2 818
149 -2 -2 697
150 -2 -2 775
151 -2 -2 719
152 -2 -2 934
153 -2 -2 855
154 -2 -2 1039
155 -2 -2 903
156 -2 -2 950
157 -2 -2 731
158 -2 -2 863
159 -2 -2 1000
160 -2 -2 874
161 -2 -2 838
162 -2 -2 839
163 -2 -2 847
164 -2 -2 817
165 -2 -2 1167
166 -2 -2 772
167 -2 -2 771
168 -2 -2 872
169 -2 -2 839
170 -2 -2 905
171 -2 -2 1032
172 -2 -2 813
173 -2 -2 749
174 -2 -2 990
175 -2 -2 788
176 -2 -2 1298
177 -2 -2 1168
178 -2 -2 1136
179 -2 -2 740
180 -2 -2 1256
181 -2 -2 1037
182 -2 -2 1255
183 -2 -2 1058
184 -2 -2 1092
185 -2 -2 1103
186 -2 -2 889
187 -2 -2 870
188 -2 -2 687
189 -2 -2 833
190 -2 -2 741
191 -2 -2 896
192 -2 -2 835
193 -2 -2 695
194 -2 -2 713
195 -2 -2 732
196 -2 -2 921
197 -2 -2 748
198 -2 -2 786
199 -2 -2 785
200 -2 -2 879
201 -2 -2 850
202 -2 -2 960
203 -2 -2 949
204 -2 -2 844
205 -2 -2 886
206 -2 -2 867
207 -2 -2 910
208 -2 -2 1151
209 -2 -2 887
210 -2 -2 1075
211 -2 -2 683
212 -2 -2 1064
213 -2 -2 890
214 -2 -2 1015
215 -2 -2 1055
216 -2 -2 1149
217 -2 -2 1102
218 -2 -2 955
219 -2 -2 882
220 -2 -2 1118
221 -2 -2 1024
222 -2 -2 1227
223 -2 -2 1220
224 -2 -2 1316
225 -2 -2 1012
226 -2 -2 1084
227 -2 -2 937
228 -2 -2 1092
229 -2 -2 1016
230 -2 -2 869
231 -2 -2 765
232 -2 -2 1044
233 -2 -2 736
234 -2 -2 711
235 -2 -2 717
236 -2 -2 841
237 -2 -2 1125
238 -2 -2 1125
239 -2 -2 776
240 -2 -2 793
241 -2 -2 876
242 -2 -2 882
243 -2 -2 1074
244 -2 -2 754
245 -2 -2 916
246 -2 -2 1067
247 -2 -2 1112
248 -2 -2 911
249 -2 -2 788
250 -2 -2 742
251 -2 -2 895
252 -2 -2 1155
253 -2 -2 1077
254 -2 -2 927
255 -2 -2 953
256 -2 -2 820
257 -2 -2 1206
258 -2 -2 968
259 -2 -2 1171
260 -2 -2 1166
261 -2 -2 769
262 -2 -2 1138
263 -2 -2 1054
264 -2 -2 925
265 -2 -2 1208
266 -2 -2 753
267 -2 -2 1148
268 -2 -2 1133
269 -2 -2 1313
270 -2 -2 1101
271 -2 -2 1230
272 -2 -2 1286
273 -2 -2 1083
274 -2 -2 1058
275 -2 -2 1116
276 -2 -2 1083
277 -2 -2 918
278 -2 -2 985
279 -2 -2 1169
280 -2 -2 962
281 -2 -2 1179
282 -2 -2 1166
283 -2 -2 895
284 -2 -2 1013
285 -2 -2 1160
286 -2 -2 1008
287 -2 -2 995
288 -2 -2 927
289 -2 -2 880
290 -2 -2 1043
291 -2 -2 948
292 -2 -2 857
293 -2 -2 1120
294 -2 -2 685
295 -2 -2 1003
296 -2 -2 925
297 -2 -2 751
298 -2 -2 1061
299 -2 -2 989
300 -2 -2 705
301 -2 -2 726
302 -2 -2 690
303 -2 -2 690
304 -2 -2 761
305 -2 -2 1027
306 -2 -2 1143
307 -2 -2 900
308 -2 -2 886
309 -2 -2 1029
310 -2 -2 1020
311 -2 -2 1186
312 -2 -2 762
313 -2 -2 718
314 -2 -2 812
315 -2 -2 838
316 -2 -2 881
317 -2 -2 1165
318 -2 -2 928
319 -2 -2 727
320 -2 -2 814
321 -2 -2 859
322 -2 -2 727
323 -2 -2 745
324 -2 -2 693
325 -2 -2 680
326 -2 -2 1045
327 -2 -2 885
328 -2 -2 779
329 -2 -2 1112
330 -2 -2 987
331 -2 -2 1032
332 -2 -2 941
333 -2 -2 1010
334 -2 -2 1064
335 -2 -2 801
336 -2 -2 821
337 -2 -2 747
338 -2 -2 687
339 -2 -2 708
340 -2 -2 708
341 -2 -2 746
342 -2 -2 729
343 -2 -2 905
344 -2 -2 921
345 -2 -2 695
346 -2 -2 764
347 -2 -2 691
348 -2 -2 713
349 -2 -2 689
350 -2 -2 728
351 -2 -2 1076
352 -2 -2 795
353 -2 -2 823
354 -2 -2 914
355 -2 -2 1263
356 -2 -2 750
357 -2 -2 922
358 -2 -2 712
359 -2 -2 855
360 -2 -2 770
361 -2 -2 1129
362 -2 -2 1007
363 -2 -2 1026
364 -2 -2 896
365 -2 -2 1075
366 -2 -2 807
367 -2 -2 988
368 -2 -2 942
369 -2 -2 1184
370 -2 -2 804
371 -2 -2 1098
372 -2 -2 1212
373 -2 -2 1133
374 -2 -2 832
375 -2 -2 931
376 -2 -2 1239
377 -2 -2 1255
378 -2 -2 864
379 -2 -2 964
380 -2 -2 907
381 -2 -2 685
382 -2 -2 848
383 -2 -2 1089
384 -2 -2 966
385 -2 -2 953
386 -2 -2 1068
387 -2 -2 1174
388 -2 -2 849
389 -2 -2 843
390 -2 -2 831
391 -2 -2 964
392 -2 -2 1223
393 -2 -2 1053
394 -2 -2 1066
395 -2 -2 1109
396 -2 -2 1052
397 -2 -2 753
398 -2 -2 1267
399 -2 -2 986
400 -2 -2 1101
401 -2 -2 904
402 -2 -2 682
403 -2 -2 682
404 -2 -2 711
405 -2 -2 702
406 -2 -2 1215
407 -2 -2 1107
408 -2 -2 1059
409 -2 -2 948
410 -2 -2 823
411 -2 -2 902
412 -2 -2 703
413 -2 -2 703
414 -2 -2 881
415 -2 -2 1000
416 -2 -2 719
417 -2 -2 766
418 -2 -2 1319
419 -2 -2 1174
420 -2 -2 1079
421 -2 -2 1079
422 -2 -2 1168
423 -2 -2 1147
424 -2 -2 930
425 -2 -2 1148
426 -2 -2 1056
427 -2 -2 1230
428 -2 -2 1128
429 -2 -2 1121
430 -2 -2 939
431 -2 -2 862
432 -2 -2 1164
433 -2 -2 1059
434 -2 -2 1099
435 -2 -2 1011
436 -2 -2 1081
437 -2 -2 1307
438 -2 -2 1127
439 -2 -2 1013
440 -2 -2 993
441 -2 -2 970
442 -2 -2 825
443 -2 -2 976
444 -2 -2 891
445 -2 -2 891
446 -2 -2 868
447 -2 -2 1080
448 -2 -2 808
449 -2 -2 744
450 -2 -2 954
451 -2 -2 919
452 -2 -2 737
453 -2 -2 825
454 -2 -2 798
455 -2 -2 854
456 -2 -2 789
457 -2 -2 789
458 -2 -2 951
459 -2 -2 731
460 -2 -2 749
461 -2 -2 861
462 -2 -2 1053
463 -2 -2 951
464 -2 -2 923
465 -2 -2 961
466 -2 -2 767
467 -2 -2 861
468 -2 -2 735
469 -2 -2 796
470 -2 -2 774
471 -2 -2 923
472 -2 -2 1078
473 -2 -2 709
474 -2 -2 941
475 -2 -2 840
476 -2 -2 1157
477 -2 -2 742
478 -2 -2 979
479 -2 -2 1194
480 -2 -2 1134
481 -2 -2 983
482 -2 -2 746
483 -2 -2 728
484 -2 -2 744
485 -2 -2 977
486 -2 -2 691
487 -2 -2 743
488 -2 -2 922
489 -2 -2 781
490 -2 -2 875
491 -2 -2 828
492 -2 -2 846
493 -2 -2 781
494 -2 -2 898
495 -2 -2 996
496 -2 -2 1229
497 -2 -2 1106
498 -2 -2 1152
499 -2 -2 999
500 -2 -2 920
501 -2 -2 1069
502 -2 -2 865
503 -2 -2 890
504 -2 -2 739
505 -2 -2 834
506 -2 -2 1198
507 -2 -2 1200
508 -2 -2 1218
509 -2 -2 786
510 -2 -2 1031
511 -2 -2 1134
512 -2 -2 774
513 -2 -2 1085
514 -2 -2 959
515 -2 -2 856
516 -2 -2 940
517 -2 -2 868
518 -2 -2 834
519 -2 -2 1006
520 -2 -2 803
521 -2 -2 702
522 -2 -2 799
523 -2 -2 725
524 -2 -2 1268
525 -2 -2 1226
526 -2 -2 757
527 -2 -2 802
528 -2 -2 888
529 -2 -2 1091
530 -2 -2 800
531 -2 -2 1004
532 -2 -2 841
533 -2 -2 897
534 -2 -2 754
535 -2 -2 876
536 -2 -2 973
537 -2 -2 1002
538 -2 -2 1009
539 -2 -2 1093
540 -2 -2 987
541 -2 -2 1132
542 -2 -2 1025
543 -2 -2 1033
544 -2 -2 1183
545 -2 -2 779
546 -2 -2 869
547 -2 -2 815
548 -2 -2 899
549 -2 -2 984
550 -2 -2 1199
551 -2 -2 1276
552 -2 -2 771
553 -2 -2 852
554 -2 -2 1018
555 -2 -2 1250
556 -2 -2 1164
557 -2 -2 865
558 -2 -2 1108
559 -2 -2 1017
560 -2 -2 755
561 -2 -2 1214
562 -2 -2 1044
563 -2 -2 969
564 -2 -2 795
565 -2 -2 806
566 -2 -2 818
567 -2 -2 701
568 -2 -2 766
569 -2 -2 1093
570 -2 -2 828
571 -2 -2 830
572 -2 -2 722
573 -2 -2 963
574 -2 -2 770
575 -2 -2 1062
576 -2 -2 1028
577 -2 -2 1062
578 -2 -2 721
579 -2 -2 975
580 -2 -2 873
581 -2 -2 721
582 -2 -2 902
583 -2 -2 935
584 -2 -2 745
585 -2 -2 710
586 -2 -2 903
587 -2 -2 813
588 -2 -2 1043
589 -2 -2 1124
590 -2 -2 810
591 -2 -2 977
592 -2 -2 773
593 -2 -2 810
594 -2 -2 773
595 -2 -2 824
596 -2 -2 688
597 -2 -2 688
598 -2 -2 898
599 -2 -2 966
600 -2 -2 1225
601 -2 -2 944
602 -2 -2 963
603 -2 -2 784
604 -2 -2 1120
605 -2 -2 1117
606 -2 -2 734
607 -2 -2 764
608 -2 -2 739
609 -2 -2 967
610 -2 -2 1045
611 -2 -2 772
612 -2 -2 804
613 -2 -2 1038
614 -2 -2 806
615 -2 -2 850
616 -2 -2 1031
617 -2 -2 934
618 -2 -2 884
619 -2 -2 793
620 -2 -2 908
621 -2 -2 809
622 -2 -2 1124
623 -2 -2 758
624 -2 -2 755
625 -2 -2 848
626 -2 -2 998
627 -2 -2 1071
628 -2 -2 769
629 -2 -2 751
630 -2 -2 970
631 -2 -2 1188
632 -2 -2 833
633 -2 -2 784
634 -2 -2 1018
635 -2 -2 1017
636 -2 -2 1185
637 -2 -2 1199
638 -2 -2 1086
639 -2 -2 1153
640 -2 -2 794
641 -2 -2 992
642 -2 -2 1033
643 -2 -2 894
644 -2 -2 974
645 -2 -2 884
646 -2 -2 972
647 -2 -2 684
648 -2 -2 756
649 -2 -2 952
650 -2 -2 1021
651 -2 -2 1008
652 -2 -2 686
653 -2 -2 716
654 -2 -2 696
655 -2 -2 738
656 -2 -2 696
657 -2 -2 704
658 -2 -2 853
659 -2 -2 782
660 -2 -2 782
661 -2 -2 680
662 -2 -2 692
663 -2 -2 681
664 -2 -2 693
665 -2 -2 686
666 -2 -2 692
667 -2 -2 720
668 -2 -2 710
669 -2 -2 694
670 -2 -2 743
671 -2 -2 819
672 -2 -2 765
673 -2 -2 689
674 -2 -2 858
675 -2 -2 805
676 -2 -2 694
677 -2 -2 911
678 -2 -2 760
679 1 103 698
680 325 661 681
681 663 680 700
682 402 403 698
683 0 211 783
684 3 647 750
685 294 381 1035
686 652 665 700
687 188 338 699
688 596 597 699
689 349 673 872
690 302 303 701
691 347 486 811
692 662 666 704
693 324 664 716
694 669 676 801
695 193 345 733
696 654 656 714
697 31 149 705
698 679 682 724
699 687 688 759
700 681 686 715
701 567 690 726
702 405 521 790
703 412 413 725
704 657 692 714
705 300 697 778
706 53 55 741
707 101 102 724
708 339 340 730
709 108 473 1184
710 585 668 767
711 234 404 718
712 75 358 827
713 194 348 734
714 696 704 715
715 700 714 738
716 653 693 720
717 2 235 756
718 313 711 790
719 151 416 1069
720 667 716 752
721 578 581 873
722 57 572 775
723 34 68 909
724 698 707 783
725 523 703 776
726 301 701 778
727 319 322 796
728 350 483 729
729 342 728 777
730 54 708 768
731 157 459 822
732 63 195 929
733 65 695 780
734 606 713 780
735 48 468 814
736 61 233 787
737 9 452 937
738 655 715 752
739 504 608 1073
740 79 179 1131
741 190 706 757
742 250 477 815
743 487 670 997
744 449 484 991
745 323 584 792
746 341 482 759
747 69 337 821
748 67 197 912
749 173 460 1100
750 356 684 816
751 297 629 1061
752 720 738 792
753 266 397 908
754 244 534 874
755 560 624 1113
756 648 717 803
757 526 741 777
758 116 623 1253
759 699 746 768
760 64 678 791
761 73 304 900
762 44 312 1049
763 36 93 878
764 346 607 811
765 231 672 791
766 417 568 957
767 466 710 797
768 730 759 802
769 261 628 1036
770 360 574 1042
771 167 552 1119
772 166 611 1142
773 592 594 860
774 470 512 840
775 150 722 1105
776 239 725 794
777 729 757 871
778 705 726 829
779 328 545 940
780 733 734 826
781 489 493 846
782 659 660 805
783 683 724 1235
784 603 633 842
785 66 199 879
786 198 509 875
787 60 736 914
788 175 249 1002
789 456 457 878
790 702 718 816
791 760 765 997
792 745 752 797
793 240 619 847
794 640 776 799
795 352 564 906
796 469 727 817
797 767 792 836
798 56 454 909
799 522 794 837
800 25 530 943
801 335 694 858
802 527 768 870
803 520 756 892
804 370 612 910
805 675 782 835
806 565 614 1057
807 78 366 942
808 448 -1 -3
809 15 621 1119
810 590 593 824
811 691 764 826
812 5 314 945
813 172 587 1080
814 320 735 836
815 547 742 995
816 750 790 892
817 164 796 851
818 148 566 829
819 35 671 853
820 126 256 1081
821 336 747 871
822 42 731 926
823 353 410 1126
824 595 810 860
825 442 453 1022
826 780 811 842
827 74 712 844
828 491 570 845
829 778 818 883
830 37 571 889
831 135 390 1177
832 119 374 1238
833 189 632 913
834 505 518 888
835 192 805 947
836 797 814 946
837 4 799 932
838 161 315 859
839 162 169 917
840 475 774 1005
841 236 532 974
842 784 826 944
843 114 389 976
844 204 827 867
845 32 828 883
846 492 781 958
847 163 793 982
848 382 625 1281
849 12 388 1024
850 201 615 1117
851 46 817 928
852 125 553 1037
853 658 819 947
854 33 455 866
855 153 359 924
856 90 515 959
857 140 292 969
858 674 801 980
859 321 838 1023
860 773 824 936
861 461 467 1023
862 121 431 939
863 43 158 926
864 30 378 956
865 502 557 1090
866 59 854 1104
867 206 844 967
868 446 517 994
869 230 546 1010
870 187 802 901
871 777 821 901
872 168 689 980
873 580 721 893
874 160 754 916
875 490 786 906
876 241 535 932
877 50 72 893
878 763 789 924
879 200 785 912
880 133 289 907
881 316 414 1094
882 219 242 919
883 829 845 933
884 618 645 1015
885 96 327 1078
886 205 308 1039
887 139 209 1051
888 528 834 1038
889 186 830 938
890 213 503 1006
891 444 445 1123
892 803 816 952
893 873 877 996
894 45 643 1029
895 251 283 1068
896 191 364 1236
897 70 533 992
898 494 598 1098
899 13 548 1118
900 307 761 1111
901 870 871 936
902 411 582 1005
903 155 586 1021
904 80 401 1254
905 170 343 1019
906 795 875 1034
907 380 880 1139
908 620 753 1052
909 723 798 933
910 207 804 1102
911 248 677 1004
912 748 879 1034
913 62 833 965
914 354 787 960
915 24 134 1054
916 245 874 982
917 94 839 1063
918 138 277 1107
919 451 882 1014
920 82 500 988
921 196 344 929
922 357 488 958
923 464 471 1100
924 855 878 1070
925 264 296 1050
926 822 863 1158
927 254 288 968
928 318 851 946
929 732 921 1115
930 118 424 1121
931 137 375 1244
932 837 876 972
933 883 909 1224
934 152 617 950
935 95 583 1082
936 860 901 1114
937 227 737 1273
938 71 889 991
939 430 862 1016
940 516 779 1085
941 332 474 961
942 368 807 1122
943 38 800 999
944 601 842 1030
945 6 812 1001
946 836 928 1060
947 835 853 975
948 291 409 1051
949 107 203 1042
950 156 934 1219
951 458 463 1019
952 649 892 1046
953 255 385 1214
954 77 450 1057
955 146 218 1177
956 143 864 1245
957 766 -1 -3
958 846 922 983
959 514 856 1220
960 202 914 965
961 465 941 1047
962 85 280 1096
963 573 602 1156
964 379 391 1195
965 913 960 1104
966 384 599 1036
967 609 867 1007
968 258 927 1179
969 563 857 1106
970 441 630 1011
971 18 128 1096
972 646 932 1074
973 536 -1 -3
974 644 841 1049
975 579 947 1088
976 443 843 1097
977 485 591 1065
978 28 29 1110
979 141 478 1109
980 858 872 981
981 52 980 1088
982 847 916 1001
983 481 958 1041
984 21 549 1210
985 104 278 1260
986 117 399 1355
987 330 540 994
988 367 920 1225
989 147 299 1050
990 144 174 1071
991 744 938 1114
992 641 897 1172
993 27 440 1048
994 868 987 1095
995 287 815 1137
996 495 893 1028
997 743 791 1030
998 14 626 1154
999 499 943 1159
1000 159 415 1158
1001 945 982 1094
1002 537 788 1162
1003 23 295 1170
1004 531 911 1132
1005 840 902 1161
1006 519 890 1090
1007 362 967 1178
1008 286 651 1229
1009 39 538 1110
1010 333 869 1047
1011 435 970 1099
1012 112 225 1077
1013 284 439 1127
1014 110 919 1191
1015 214 884 1151
1016 229 939 1258
1017 559 635 1072
1018 554 634 1128
1019 905 951 1020
1020 310 1019 1186
1021 650 903 1196
1022 26 825 1210
1023 859 861 1060
1024 221 849 1138
1025 92 542 1170
1026 363 -1 -3
1027 58 305 1135
1028 576 996 1111
1029 309 894 1181
1030 944 997 1115
1031 510 616 1175
1032 171 331 1159
1033 543 642 1246
1034 906 912 1041
1035 136 685 1087
1036 769 966 1097
1037 181 852 1072
1038 613 888 1073
1039 154 886 1070
1040 109 142 1065
1041 983 1034 1126
1042 770 949 1178
1043 290 588 1218
1044 232 562 1202
1045 326 610 1163
1046 84 952 1144
1047 961 1010 1246
1048 130 993 1139
1049 762 974 1146
1050 925 989 1211
1051 887 948 1142
1052 396 908 1130
1053 393 462 1194
1054 263 915 1123
1055 120 215 1212
1056 99 426 1250
1057 806 954 1228
1058 183 274 1131
1059 408 433 1249
1060 946 1023 1299
1061 298 751 1211
1062 575 577 1122
1063 49 917 1172
1064 212 334 1202
1065 977 1040 1233
1066 97 394 1167
1067 7 246 1162
1068 386 895 1188
1069 501 719 1129
1070 924 1039 1219
1071 627 990 1157
1072 1017 1037 1200
1073 739 1038 1091
1074 243 972 1144
1075 210 365 1213
1076 111 351 1190
1077 253 1012 1185
1078 472 885 1231
1079 420 421 1113
1080 447 813 1234
1081 436 820 1259
1082 935 -1 -3
1083 273 276 1116
1084 127 226 1207
1085 513 940 1137
1086 132 638 1154
1087 22 1035 1150
1088 975 981 1205
1089 113 383 1252
1090 865 1006 1136
1091 529 1073 1221
1092 184 228 1217
1093 539 569 1197
1094 881 1001 1146
1095 41 994 1140
1096 962 971 1182
1097 976 1036 1277
1098 371 898 1236
1099 434 1011 1153
1100 749 923 1161
1101 270 400 1274
1102 217 910 1173
1103 16 185 1204
1104 866 965 1105
1105 775 1104 1145
1106 497 969 1265
1107 407 918 1147
1108 51 558 1216
1109 395 979 1180
1110 978 1009 1190
1111 900 1028 1143
1112 247 329 1287
1113 755 1079 1252
1114 936 991 1145
1115 929 1030 1205
1116 275 1083 1208
1117 605 850 1156
1118 220 899 1300
1119 771 809 1169
1120 293 604 1223
1121 429 930 1254
1122 942 1062 1173
1123 891 1054 1150
1124 589 622 1302
1125 237 238 1216
1126 823 1041 1237
1127 438 1013 1209
1128 428 1018 1267
1129 361 1069 1149
1130 17 1052 1141
1131 740 1058 1258
1132 541 1004 1197
1133 268 373 1201
1134 480 511 1180
1135 115 1027 1193
1136 178 1090 1221
1137 995 1085 1279
1138 262 1024 1171
1139 907 1048 1176
1140 40 1095 1234
1141 124 1130 1323
1142 772 1051 1163
1143 306 1111 1232
1144 1046 1074 1222
1145 1105 1114 1288
1146 1049 1094 1222
1147 423 1107 1215
1148 267 425 1268
1149 216 1129 1233
1150 1087 1123 1207
1151 208 1015 1228
1152 498 -1 -3
1153 639 1099 1195
1154 998 1086 1287
1155 88 252 1328
1156 963 1117 1237
1157 476 1071 1272
1158 926 1000 1165
1159 999 1032 1183
1160 91 285 1209
1161 1005 1100 1196
1162 1002 1067 1324
1163 1045 1142 1249
1164 432 556 1244
1165 317 1158 1187
1166 260 282 1277
1167 165 1066 1253
1168 177 422 1311
1169 279 1119 1247
1170 1003 1025 1242
1171 259 1138 1251
1172 992 1063 1191
1173 1102 1122 1266
1174 387 419 1192
1175 83 1031 1203
1176 129 1139 1264
1177 831 955 1248
1178 1007 1042 1232
1179 281 968 1182
1180 1109 1134 1265
1181 47 1029 1283
1182 1096 1179 1290
1183 544 1159 1271
1184 369 709 1241
1185 636 1077 1273
1186 311 1020 1187
1187 1165 1186 1291
1188 631 1068 1227
1189 8 131 1192
1190 1076 1110 1324
1191 1014 1172 1261
1192 1174 1189 1282
1193 1135 -1 -3
1194 479 1053 1291
1195 964 1153 1264
1196 1021 1161 1257
1197 1093 1132 1285
1198 81 506 1269
1199 550 637 1251
1200 507 1072 1294
1201 123 1133 1275
1202 1044 1064 1203
1203 1175 1202 1298
1204 98 1103 1260
1205 1088 1115 1224
1206 20 257 1280
1207 1084 1150 1295
1208 265 1116 1226
1209 1127 1160 1296
1210 984 1022 1278
1211 1050 1061 1242
1212 372 1055 1238
1213 106 1075 1240
1214 561 953 1259
1215 406 1147 1247
1216 1108 1125 1217
1217 1092 1216 1303
1218 508 1043 1239
1219 950 1070 1283
1220 223 959 1328
1221 1091 1136 1235
1222 1144 1146 1261
1223 392 1120 1285
1224 933 1205 1288
1225 600 988 1240
1226 525 1208 1269
1227 222 1188 1296
1228 1057 1151 1292
1229 496 1008 1248
1230 271 427 1286
1231 76 1078 1284
1232 1143 1178 1289
1233 1065 1149 1308
1234 1080 1140 1271
1235 783 1221 1270
1236 896 1098 1266
1237 1126 1156 1301
1238 832 1212 1262
1239 376 1218 1312
1240 1213 1225 1311
1241 105 1184 1284
1242 1170 1211 1245
1243 11 19 1282
1244 931 1164 1303
1245 956 1242 1295
1246 1033 1047 1279
1247 1169 1215 1293
1248 1177 1229 1297
1249 1059 1163 1270
1250 555 1056 1306
1251 1171 1199 1281
1252 1089 1113 1272
1253 758 1167 1322
1254 904 1121 1332
1255 182 377 1256
1256 180 1255 1357
1257 1196 -1 -3
1258 1016 1131 1262
1259 1081 1214 1307
1260 985 1204 1302
1261 1191 1222 1299
1262 1238 1258 1304
1263 355 -1 -3
1264 1176 1195 1290
1265 1106 1180 1301
1266 1173 1236 1318
1267 398 1128 1275
1268 524 1148 1293
1269 1198 1226 1294
1270 1235 1249 1333
1271 1183 1234 1309
1272 1157 1252 1317
1273 937 1185 1310
1274 122 1101 1304
1275 1201 1267 1306
1276 551 -1 -3
1277 1097 1166 1278
1278 1210 1277 1300
1279 1137 1246 1317
1280 10 1206 1326
1281 848 1251 1314
1282 1192 1243 1326
1283 1181 1219 1289
1284 1231 1241 1318
1285 1197 1223 1305
1286 272 1230 1337
1287 1112 1154 1297
1288 1145 1224 1321
1289 1232 1283 1340
1290 1182 1264 1329
1291 1187 1194 1305
1292 1228 -1 -3
1293 1247 1268 1343
1294 1200 1269 1320
1295 1207 1245 1336
1296 1209 1227 1310
1297 1248 1287 1344
1298 176 1203 1312
1299 1060 1261 1315
1300 1118 1278 1314
1301 1237 1265 1321
1302 1124 1260 1320
1303 1217 1244 1322
1304 1262 1274 1323
1305 1285 1291 1315
1306 1250 1275 1339
1307 437 1259 1329
1308 1233 -1 -3
1309 145 1271 1353
1310 1273 1296 1330
1311 1168 1240 1327
1312 1239 1298 1331
1313 100 269 1332
1314 1281 1300 1346
1315 1299 1305 1356
1316 87 224 1325
1317 1272 1279 1334
1318 1266 1284 1327
1319 418 -1 -3
1320 1294 1302 1342
1321 1288 1301 1348
1322 1253 1303 1331
1323 1141 1304 1341
1324 1162 1190 1351
1325 89 1316 1354
1326 1280 1282 1350
1327 1311 1318 1347
1328 1155 1220 1345
1329 1290 1307 1330
1330 1310 1329 1349
1331 1312 1322 1352
1332 1254 1313 1338
1333 1270 -1 -3
1334 1317 -1 -3
1335 86 -1 -3
1336 1295 -1 -3
1337 1286 -1 -3
1338 1332 -1 -3
1339 1306 -1 -3
1340 1289 -1 -3
1341 1323 -1 -3
1342 1320 -1 -3
1343 1293 -1 -3
1344 1297 -1 -3
1345 1328 -1 -3
1346 1314 -1 -3
1347 1327 -1 -3
1348 1321 -1 -3
1349 1330 -1 -3
1350 1326 -1 -3
1351 1324 -1 -3
1352 1331 -1 -3
1353 1309 -1 -3
1354 1325 -1 -3
1355 986 -1 -3
1356 1315 -1 -3
1357 1256 -1 -3
