## Clustering history of event 8
## history_index parent1 parent2 child
0 -2 -2 766
1 -2 -2 594
2 -2 -2 687
3 -2 -2 660
4 -2 -2 695
5 -2 -2 638
6 -2 -2 679
7 -2 -2 500
8 -2 -2 705
9 -2 -2 555
10 -2 -2 770
11 -2 -2 611
12 -2 -2 613
13 -2 -2 646
14 -2 -2 547
15 -2 -2 519
16 -2 -2 400
17 -2 -2 419
18 -2 -2 418
19 -2 -2 420
20 -2 -2 478
21 -2 -2 462
22 -2 -2 403
23 -2 -2 413
24 -2 -2 406
25 -2 -2 516
26 -2 -2 448
27 -2 -2 470
28 -2 -2 444
29 -2 -2 501
30 -2 -2 463
31 -2 -2 487
32 -2 -2 454
33 -2 -2 533
34 -2 -2 713
35 -2 -2 701
36 -2 -2 668
37 -2 -2 608
38 -2 -2 453
39 -2 -2 464
40 -2 -2 435
41 -2 -2 522
42 -2 -2 469
43 -2 -2 576
44 -2 -2 765
45 -2 -2 785
46 -2 -2 763
47 -2 -2 775
48 -2 -2 680
49 -2 -2 653
50 -2 -2 786
51 -2 -2 670
52 -2 -2 616
53 -2 -2 670
54 -2 -2 676
55 -2 -2 640
56 -2 -2 610
57 -2 -2 510
58 -2 -2 471
59 -2 -2 693
60 -2 -2 550
61 -2 -2 512
62 -2 -2 524
63 -2 -2 637
64 -2 -2 478
65 -2 -2 562
66 -2 -2 406
67 -2 -2 510
68 -2 -2 482
69 -2 -2 602
70 -2 -2 573
71 -2 -2 529
72 -2 -2 593
73 -2 -2 588
74 -2 -2 689
75 -2 -2 556
76 -2 -2 438
77 -2 -2 620
78 -2 -2 572
79 -2 -2 574
80 -2 -2 642
81 -2 -2 737
82 -2 -2 632
83 -2 -2 473
84 -2 -2 575
85 -2 -2 701
86 -2 -2 724
87 -2 -2 435
88 -2 -2 520
89 -2 -2 522
90 -2 -2 570
91 -2 -2 766
92 -2 -2 754
93 -2 -2 716
94 -2 -2 745
95 -2 -2 571
96 -2 -2 571
97 -2 -2 555
98 -2 -2 772
99 -2 -2 500
100 -2 -2 705
101 -2 -2 653
102 -2 -2 569
103 -2 -2 647
104 -2 -2 629
105 -2 -2 669
106 -2 -2 540
107 -2 -2 592
108 -2 -2 582
109 -2 -2 590
110 -2 -2 561
111 -2 -2 572
112 -2 -2 589
113 -2 -2 514
114 -2 -2 488
115 -2 -2 702
116 -2 -2 428
117 -2 -2 516
118 -2 -2 422
119 -2 -2 467
120 -2 -2 417
121 -2 -2 440
122 -2 -2 596
123 -2 -2 538
124 -2 -2 548
125 -2 -2 768
126 -2 -2 594
127 -2 -2 625
128 -2 -2 716
129 -2 -2 505
130 -2 -2 672
131 -2 -2 457
132 -2 -2 489
133 -2 -2 619
134 -2 -2 541
135 -2 -2 605
136 -2 -2 713
137 -2 -2 473
138 -2 -2 661
139 -2 -2 560
140 -2 -2 493
141 -2 -2 508
142 -2 -2 470
143 -2 -2 402
144 -2 -2 534
145 -2 -2 524
146 -2 -2 498
147 -2 -2 436
148 -2 -2 431
149 -2 -2 413
150 -2 -2 455
151 -2 -2 423
152 -2 -2 475
153 -2 -2 456
154 -2 -2 403
155 -2 -2 412
156 -2 -2 431
157 -2 -2 415
158 -2 -2 495
159 -2 -2 507
160 -2 -2 405
161 -2 -2 618
162 -2 -2 552
163 -2 -2 405
164 -2 -2 459
165 -2 -2 466
166 -2 -2 429
167 -2 -2 481
168 -2 -2 443
169 -2 -2 467
170 -2 -2 513
171 -2 -2 720
172 -2 -2 702
173 -2 -2 612
174 -2 -2 527
175 -2 -2 480
176 -2 -2 425
177 -2 -2 458
178 -2 -2 506
179 -2 -2 556
180 -2 -2 468
181 -2 -2 466
182 -2 -2 585
183 -2 -2 458
184 -2 -2 620
185 -2 -2 565
186 -2 -2 623
187 -2 -2 732
188 -2 -2 575
189 -2 -2 543
190 -2 -2 543
191 -2 -2 711
192 -2 -2 739
193 -2 -2 490
194 -2 -2 599
195 -2 -2 469
196 -2 -2 484
197 -2 -2 434
198 -2 -2 434
199 -2 -2 520
200 -2 -2 493
201 -2 -2 627
202 -2 -2 505
203 -2 -2 734
204 -2 -2 683
205 -2 -2 595
206 -2 -2 595
207 -2 -2 490
208 -2 -2 665
209 -2 -2 686
210 -2 -2 715
211 -2 -2 697
212 -2 -2 614
213 -2 -2 561
214 -2 -2 544
215 -2 -2 471
216 -2 -2 631
217 -2 -2 631
218 -2 -2 648
219 -2 -2 488
220 -2 -2 545
221 -2 -2 426
222 -2 -2 426
223 -2 -2 483
224 -2 -2 483
225 -2 -2 404
226 -2 -2 538
227 -2 -2 603
228 -2 -2 655
229 -2 -2 401
230 -2 -2 401
231 -2 -2 751
232 -2 -2 629
233 -2 -2 549
234 -2 -2 424
235 -2 -2 509
236 -2 -2 598
237 -2 -2 615
238 -2 -2 548
239 -2 -2 429
240 -2 -2 447
241 -2 -2 448
242 -2 -2 430
243 -2 -2 502
244 -2 -2 481
245 -2 -2 517
246 -2 -2 600
247 -2 -2 617
248 -2 -2 588
249 -2 -2 602
250 -2 -2 487
251 -2 -2 593
252 -2 -2 511
253 -2 -2 454
254 -2 -2 706
255 -2 -2 688
256 -2 -2 541
257 -2 -2 632
258 -2 -2 636
259 -2 -2 638
260 -2 -2 614
261 -2 -2 743
262 -2 -2 547
263 -2 -2 634
264 -2 -2 453
265 -2 -2 421
266 -2 -2 421
267 -2 -2 624
268 -2 -2 726
269 -2 -2 563
270 -2 -2 624
271 -2 -2 563
272 -2 -2 756
273 -2 -2 745
274 -2 -2 746
275 -2 -2 710
276 -2 -2 710
277 -2 -2 731
278 -2 -2 731
279 -2 -2 613
280 -2 -2 565
281 -2 -2 585
282 -2 -2 546
283 -2 -2 682
284 -2 -2 540
285 -2 -2 650
286 -2 -2 590
287 -2 -2 597
288 -2 -2 545
289 -2 -2 499
290 -2 -2 439
291 -2 -2 518
292 -2 -2 477
293 -2 -2 422
294 -2 -2 494
295 -2 -2 530
296 -2 -2 439
297 -2 -2 472
298 -2 -2 515
299 -2 -2 451
300 -2 -2 456
301 -2 -2 476
302 -2 -2 425
303 -2 -2 659
304 -2 -2 746
305 -2 -2 553
306 -2 -2 550
307 -2 -2 627
308 -2 -2 625
309 -2 -2 687
310 -2 -2 695
311 -2 -2 446
312 -2 -2 649
313 -2 -2 573
314 -2 -2 474
315 -2 -2 644
316 -2 -2 437
317 -2 -2 445
318 -2 -2 461
319 -2 -2 436
320 -2 -2 432
321 -2 -2 412
322 -2 -2 562
323 -2 -2 661
324 -2 -2 423
325 -2 -2 459
326 -2 -2 430
327 -2 -2 727
328 -2 -2 517
329 -2 -2 480
330 -2 -2 444
331 -2 -2 577
332 -2 -2 685
333 -2 -2 463
334 -2 -2 485
335 -2 -2 664
336 -2 -2 660
337 -2 -2 485
338 -2 -2 514
339 -2 -2 468
340 -2 -2 592
341 -2 -2 582
342 -2 -2 549
343 -2 -2 567
344 -2 -2 567
345 -2 -2 544
346 -2 -2 619
347 -2 -2 558
348 -2 -2 570
349 -2 -2 725
350 -2 -2 763
351 -2 -2 721
352 -2 -2 578
353 -2 -2 770
354 -2 -2 578
355 -2 -2 604
356 -2 -2 690
357 -2 -2 569
358 -2 -2 521
359 -2 -2 521
360 -2 -2 697
361 -2 -2 693
362 -2 -2 707
363 -2 -2 608
364 -2 -2 647
365 -2 -2 686
366 -2 -2 636
367 -2 -2 616
368 -2 -2 546
369 -2 -2 512
370 -2 -2 617
371 -2 -2 583
372 -2 -2 472
373 -2 -2 446
374 -2 -2 474
375 -2 -2 515
376 -2 -2 637
377 -2 -2 626
378 -2 -2 457
379 -2 -2 492
380 -2 -2 492
381 -2 -2 452
382 -2 -2 407
383 -2 -2 400
384 -2 -2 438
385 -2 -2 420
386 -2 -2 491
387 -2 -2 416
388 -2 -2 408
389 -2 -2 411
390 -2 -2 411
391 -2 -2 410
392 -2 -2 428
393 -2 -2 409
394 -2 -2 477
395 -2 -2 417
396 -2 -2 414
397 -2 -2 404
398 -2 -2 408
399 -2 -2 433
400 16 383 402
401 229 230 655
402 143 400 407
403 22 154 486
404 225 397 410
405 160 163 552
406 24 66 450
407 382 402 415
408 388 398 409
409 393 408 416
410 391 404 414
411 389 390 427
412 155 321 432
413 23 149 418
414 396 410 449
415 157 407 419
416 387 409 427
417 120 395 441
418 18 413 437
419 17 415 424
420 19 385 497
421 265 266 464
422 118 293 494
423 151 324 451
424 234 419 442
425 176 302 476
426 221 222 440
427 411 416 433
428 116 392 465
429 166 239 443
430 242 326 581
431 148 156 460
432 320 412 460
433 399 427 441
434 197 198 542
435 40 87 496
436 147 319 462
437 316 418 455
438 76 384 442
439 290 296 499
440 121 426 449
441 417 433 479
442 424 438 445
443 168 429 447
444 28 330 526
445 317 442 452
446 311 373 551
447 240 443 450
448 26 241 503
449 414 440 465
450 406 447 503
451 299 423 486
452 381 445 475
453 38 264 496
454 32 253 511
455 150 437 504
456 153 300 461
457 131 378 489
458 177 183 506
459 164 325 497
460 431 432 491
461 318 456 523
462 21 436 495
463 30 333 584
464 39 421 519
465 428 449 479
466 165 181 509
467 119 169 513
468 180 339 529
469 42 195 484
470 27 142 527
471 58 215 539
472 297 372 501
473 83 137 640
474 314 374 551
475 152 452 498
476 301 425 482
477 292 394 528
478 20 64 504
479 441 465 535
480 175 329 587
481 167 244 502
482 68 476 508
483 223 224 535
484 196 469 606
485 334 337 584
486 403 451 523
487 31 250 533
488 114 219 589
489 132 457 559
490 193 207 599
491 386 460 532
492 379 380 673
493 140 200 560
494 294 422 518
495 158 462 531
496 435 453 542
497 420 459 532
498 146 475 534
499 289 439 530
500 7 99 696
501 29 472 559
502 243 481 537
503 448 450 525
504 455 478 536
505 129 202 729
506 178 458 507
507 159 506 607
508 141 482 526
509 235 466 598
510 57 67 601
511 252 454 568
512 61 369 621
513 170 467 601
514 113 338 574
515 298 375 656
516 25 117 525
517 245 328 587
518 291 494 528
519 15 464 554
520 88 199 558
521 358 359 604
522 41 89 554
523 461 486 531
524 62 145 605
525 503 516 537
526 444 508 577
527 174 470 641
528 477 518 539
529 71 468 568
530 295 499 566
531 495 523 622
532 491 497 557
533 33 487 586
534 144 498 536
535 479 483 566
536 504 534 557
537 502 525 581
538 123 226 591
539 471 528 579
540 106 284 635
541 134 256 633
542 434 496 564
543 189 190 667
544 214 345 652
545 220 288 597
546 282 368 694
547 14 262 634
548 124 238 553
549 233 342 580
550 60 306 689
551 446 474 609
552 162 405 615
553 305 548 591
554 519 522 564
555 9 97 683
556 75 179 611
557 532 536 622
558 347 520 576
559 489 501 609
560 139 493 612
561 110 213 635
562 65 322 664
563 269 271 757
564 542 554 606
565 185 280 677
566 530 535 579
567 343 344 583
568 511 529 586
569 102 357 690
570 90 348 662
571 95 96 765
572 78 111 623
573 70 313 626
574 79 514 671
575 84 188 688
576 43 558 621
577 331 526 641
578 352 354 696
579 539 566 658
580 549 -1 -3
581 430 537 643
582 108 341 610
583 371 567 720
584 463 485 685
585 182 281 654
586 533 568 639
587 480 517 645
588 73 248 607
589 112 488 681
590 109 286 650
591 538 553 603
592 107 340 642
593 72 251 698
594 1 126 749
595 205 206 691
596 122 -1 -3
597 287 545 669
598 236 509 651
599 194 490 736
600 246 -1 -3
601 510 513 643
602 69 249 649
603 227 591 704
604 355 521 680
605 135 524 628
606 484 564 630
607 507 588 639
608 37 363 665
609 551 559 663
610 56 582 657
611 11 556 692
612 173 560 666
613 12 279 618
614 212 260 674
615 237 552 646
616 52 367 679
617 247 370 662
618 161 613 654
619 133 346 712
620 77 184 682
621 512 576 630
622 531 557 628
623 186 572 700
624 267 270 726
625 127 308 659
626 377 573 644
627 201 307 699
628 605 622 753
629 104 232 676
630 606 621 678
631 216 217 648
632 82 257 633
633 541 632 706
634 263 547 678
635 540 561 652
636 258 366 674
637 63 376 656
638 5 259 667
639 586 607 675
640 55 473 677
641 527 577 645
642 80 592 694
643 581 601 658
644 315 626 684
645 587 641 666
646 13 615 704
647 103 364 735
648 218 631 742
649 312 602 675
650 285 590 657
651 598 -1 -3
652 544 635 719
653 49 101 691
654 585 618 700
655 228 401 774
656 515 637 663
657 610 650 717
658 579 643 769
659 303 625 749
660 3 336 756
661 138 323 728
662 570 617 718
663 609 656 673
664 335 562 671
665 208 608 724
666 612 645 718
667 543 638 668
668 36 667 740
669 105 597 681
670 51 53 707
671 574 664 692
672 130 -1 -3
673 492 663 684
674 614 636 750
675 639 649 708
676 54 629 711
677 565 640 719
678 630 634 730
679 6 616 735
680 48 604 709
681 589 669 703
682 283 620 717
683 204 555 734
684 644 673 748
685 332 584 698
686 209 365 739
687 2 309 699
688 255 575 732
689 74 550 722
690 356 569 738
691 595 653 738
692 611 671 733
693 59 361 709
694 546 642 758
695 4 310 748
696 500 578 721
697 211 360 723
698 593 685 708
699 627 687 729
700 623 654 737
701 35 85 752
702 115 172 751
703 681 -1 -3
704 603 646 712
705 8 100 771
706 254 633 714
707 362 670 723
708 675 698 722
709 680 693 771
710 275 276 776
711 191 676 715
712 619 704 728
713 34 136 741
714 706 -1 -3
715 210 711 767
716 93 128 782
717 657 682 742
718 662 666 730
719 652 677 747
720 171 583 744
721 351 696 725
722 689 708 733
723 697 707 778
724 86 665 736
725 349 721 759
726 268 624 757
727 327 -1 -3
728 661 712 744
729 505 699 755
730 678 718 769
731 277 278 750
732 187 688 741
733 692 722 753
734 203 683 759
735 647 679 794
736 599 724 740
737 81 700 758
738 690 691 777
739 192 686 778
740 668 736 774
741 713 732 752
742 648 717 747
743 261 -1 -3
744 720 728 760
745 94 273 791
746 274 304 754
747 719 742 762
748 684 695 780
749 594 659 755
750 674 731 767
751 231 702 761
752 701 741 783
753 628 733 760
754 92 746 773
755 729 749 768
756 272 660 797
757 563 726 764
758 694 737 762
759 725 734 793
760 744 753 780
761 751 -1 -3
762 747 758 788
763 46 350 775
764 757 -1 -3
765 44 571 798
766 0 91 773
767 715 750 787
768 125 755 782
769 658 730 779
770 10 353 772
771 705 709 777
772 98 770 776
773 754 766 784
774 655 740 783
775 47 763 789
776 710 772 790
777 738 771 792
778 723 739 796
779 769 -1 -3
780 748 760 781
781 780 -1 -3
782 716 768 799
783 752 774 795
784 773 -1 -3
785 45 -1 -3
786 50 -1 -3
787 767 -1 -3
788 762 -1 -3
789 775 -1 -3
790 776 -1 -3
791 745 -1 -3
792 777 -1 -3
793 759 -1 -3
794 735 -1 -3
795 783 -1 -3
796 778 -1 -3
797 756 -1 -3
798 765 -1 -3
799 782 -1 -3
