## Clustering history of event 2
## history_index parent1 parent2 child
0 -2 -2 657
1 -2 -2 640
2 -2 -2 685
3 -2 -2 725
4 -2 -2 643
5 -2 -2 678
6 -2 -2 786
7 -2 -2 641
8 -2 -2 621
9 -2 -2 586
10 -2 -2 748
11 -2 -2 891
12 -2 -2 753
13 -2 -2 653
14 -2 -2 713
15 -2 -2 691
16 -2 -2 807
17 -2 -2 787
18 -2 -2 629
19 -2 -2 695
20 -2 -2 642
21 -2 -2 543
22 -2 -2 518
23 -2 -2 507
24 -2 -2 545
25 -2 -2 481
26 -2 -2 551
27 -2 -2 541
28 -2 -2 490
29 -2 -2 623
30 -2 -2 703
31 -2 -2 612
32 -2 -2 756
33 -2 -2 608
34 -2 -2 780
35 -2 -2 654
36 -2 -2 659
37 -2 -2 576
38 -2 -2 862
39 -2 -2 833
40 -2 -2 905
41 -2 -2 609
42 -2 -2 542
43 -2 -2 583
44 -2 -2 571
45 -2 -2 655
46 -2 -2 578
47 -2 -2 490
48 -2 -2 474
49 -2 -2 467
50 -2 -2 469
51 -2 -2 566
52 -2 -2 526
53 -2 -2 581
54 -2 -2 492
55 -2 -2 579
56 -2 -2 475
57 -2 -2 744
58 -2 -2 722
59 -2 -2 744
60 -2 -2 681
61 -2 -2 679
62 -2 -2 702
63 -2 -2 630
64 -2 -2 808
65 -2 -2 718
66 -2 -2 743
67 -2 -2 757
68 -2 -2 567
69 -2 -2 603
70 -2 -2 556
71 -2 -2 502
72 -2 -2 804
73 -2 -2 688
74 -2 -2 806
75 -2 -2 640
76 -2 -2 566
77 -2 -2 817
78 -2 -2 770
79 -2 -2 602
80 -2 -2 767
81 -2 -2 711
82 -2 -2 793
83 -2 -2 868
84 -2 -2 620
85 -2 -2 580
86 -2 -2 537
87 -2 -2 658
88 -2 -2 856
89 -2 -2 537
90 -2 -2 587
91 -2 -2 790
92 -2 -2 733
93 -2 -2 606
94 -2 -2 852
95 -2 -2 477
96 -2 -2 499
97 -2 -2 551
98 -2 -2 500
99 -2 -2 597
100 -2 -2 531
101 -2 -2 738
102 -2 -2 520
103 -2 -2 727
104 -2 -2 624
105 -2 -2 632
106 -2 -2 654
107 -2 -2 833
108 -2 -2 645
109 -2 -2 515
110 -2 -2 571
111 -2 -2 795
112 -2 -2 534
113 -2 -2 521
114 -2 -2 684
115 -2 -2 825
116 -2 -2 469
117 -2 -2 482
118 -2 -2 482
119 -2 -2 564
120 -2 -2 545
121 -2 -2 731
122 -2 -2 526
123 -2 -2 512
124 -2 -2 550
125 -2 -2 497
126 -2 -2 554
127 -2 -2 595
128 -2 -2 495
129 -2 -2 533
130 -2 -2 485
131 -2 -2 553
132 -2 -2 663
133 -2 -2 702
134 -2 -2 647
135 -2 -2 791
136 -2 -2 625
137 -2 -2 669
138 -2 -2 694
139 -2 -2 672
140 -2 -2 674
141 -2 -2 631
142 -2 -2 769
143 -2 -2 594
144 -2 -2 709
145 -2 -2 548
146 -2 -2 698
147 -2 -2 587
148 -2 -2 572
149 -2 -2 505
150 -2 -2 603
151 -2 -2 560
152 -2 -2 572
153 -2 -2 557
154 -2 -2 764
155 -2 -2 668
156 -2 -2 668
157 -2 -2 802
158 -2 -2 720
159 -2 -2 826
160 -2 -2 630
161 -2 -2 516
162 -2 -2 861
163 -2 -2 707
164 -2 -2 602
165 -2 -2 509
166 -2 -2 717
167 -2 -2 676
168 -2 -2 741
169 -2 -2 678
170 -2 -2 696
171 -2 -2 839
172 -2 -2 631
173 -2 -2 886
174 -2 -2 556
175 -2 -2 710
176 -2 -2 816
177 -2 -2 773
178 -2 -2 634
179 -2 -2 470
180 -2 -2 483
181 -2 -2 563
182 -2 -2 508
183 -2 -2 575
184 -2 -2 671
185 -2 -2 725
186 -2 -2 677
187 -2 -2 682
188 -2 -2 771
189 -2 -2 853
190 -2 -2 754
191 -2 -2 527
192 -2 -2 617
193 -2 -2 742
194 -2 -2 527
195 -2 -2 786
196 -2 -2 645
197 -2 -2 623
198 -2 -2 778
199 -2 -2 778
200 -2 -2 542
201 -2 -2 532
202 -2 -2 531
203 -2 -2 499
204 -2 -2 535
205 -2 -2 477
206 -2 -2 670
207 -2 -2 565
208 -2 -2 486
209 -2 -2 489
210 -2 -2 747
211 -2 -2 522
212 -2 -2 784
213 -2 -2 819
214 -2 -2 662
215 -2 -2 688
216 -2 -2 607
217 -2 -2 590
218 -2 -2 865
219 -2 -2 624
220 -2 -2 583
221 -2 -2 565
222 -2 -2 582
223 -2 -2 604
224 -2 -2 627
225 -2 -2 541
226 -2 -2 644
227 -2 -2 687
228 -2 -2 569
229 -2 -2 851
230 -2 -2 651
231 -2 -2 494
232 -2 -2 704
233 -2 -2 519
234 -2 -2 675
235 -2 -2 473
236 -2 -2 467
237 -2 -2 504
238 -2 -2 518
239 -2 -2 530
240 -2 -2 729
241 -2 -2 483
242 -2 -2 543
243 -2 -2 496
244 -2 -2 487
245 -2 -2 468
246 -2 -2 468
247 -2 -2 760
248 -2 -2 789
249 -2 -2 696
250 -2 -2 827
251 -2 -2 700
252 -2 -2 663
253 -2 -2 770
254 -2 -2 694
255 -2 -2 625
256 -2 -2 848
257 -2 -2 548
258 -2 -2 782
259 -2 -2 560
260 -2 -2 592
261 -2 -2 653
262 -2 -2 771
263 -2 -2 854
264 -2 -2 677
265 -2 -2 510
266 -2 -2 856
267 -2 -2 510
268 -2 -2 812
269 -2 -2 776
270 -2 -2 781
271 -2 -2 834
272 -2 -2 650
273 -2 -2 709
274 -2 -2 650
275 -2 -2 732
276 -2 -2 691
277 -2 -2 765
278 -2 -2 555
279 -2 -2 540
280 -2 -2 617
281 -2 -2 762
282 -2 -2 902
283 -2 -2 763
284 -2 -2 710
285 -2 -2 659
286 -2 -2 789
287 -2 -2 733
288 -2 -2 601
289 -2 -2 810
290 -2 -2 810
291 -2 -2 629
292 -2 -2 515
293 -2 -2 573
294 -2 -2 497
295 -2 -2 708
296 -2 -2 538
297 -2 -2 637
298 -2 -2 509
299 -2 -2 776
300 -2 -2 609
301 -2 -2 584
302 -2 -2 493
303 -2 -2 523
304 -2 -2 506
305 -2 -2 675
306 -2 -2 523
307 -2 -2 511
308 -2 -2 626
309 -2 -2 555
310 -2 -2 528
311 -2 -2 481
312 -2 -2 512
313 -2 -2 492
314 -2 -2 521
315 -2 -2 530
316 -2 -2 638
317 -2 -2 506
318 -2 -2 480
319 -2 -2 562
320 -2 -2 501
321 -2 -2 478
322 -2 -2 591
323 -2 -2 591
324 -2 -2 751
325 -2 -2 680
326 -2 -2 570
327 -2 -2 570
328 -2 -2 732
329 -2 -2 841
330 -2 -2 695
331 -2 -2 486
332 -2 -2 559
333 -2 -2 611
334 -2 -2 679
335 -2 -2 714
336 -2 -2 756
337 -2 -2 606
338 -2 -2 868
339 -2 -2 889
340 -2 -2 797
341 -2 -2 740
342 -2 -2 872
343 -2 -2 689
344 -2 -2 752
345 -2 -2 516
346 -2 -2 577
347 -2 -2 811
348 -2 -2 676
349 -2 -2 806
350 -2 -2 613
351 -2 -2 532
352 -2 -2 748
353 -2 -2 763
354 -2 -2 500
355 -2 -2 493
356 -2 -2 547
357 -2 -2 507
358 -2 -2 480
359 -2 -2 489
360 -2 -2 508
361 -2 -2 488
362 -2 -2 784
363 -2 -2 491
364 -2 -2 569
365 -2 -2 488
366 -2 -2 765
367 -2 -2 491
368 -2 -2 760
369 -2 -2 831
370 -2 -2 610
371 -2 -2 753
372 -2 -2 722
373 -2 -2 682
374 -2 -2 705
375 -2 -2 742
376 -2 -2 762
377 -2 -2 494
378 -2 -2 586
379 -2 -2 601
380 -2 -2 785
381 -2 -2 590
382 -2 -2 626
383 -2 -2 720
384 -2 -2 513
385 -2 -2 746
386 -2 -2 745
387 -2 -2 524
388 -2 -2 582
389 -2 -2 568
390 -2 -2 684
391 -2 -2 524
392 -2 -2 667
393 -2 -2 597
394 -2 -2 568
395 -2 -2 706
396 -2 -2 514
397 -2 -2 470
398 -2 -2 472
399 -2 -2 528
400 -2 -2 529
401 -2 -2 514
402 -2 -2 618
403 -2 -2 471
404 -2 -2 485
405 -2 -2 783
406 -2 -2 681
407 -2 -2 647
408 -2 -2 871
409 -2 -2 801
410 -2 -2 672
411 -2 -2 559
412 -2 -2 633
413 -2 -2 546
414 -2 -2 549
415 -2 -2 611
416 -2 -2 546
417 -2 -2 549
418 -2 -2 689
419 -2 -2 664
420 -2 -2 567
421 -2 -2 701
422 -2 -2 836
423 -2 -2 513
424 -2 -2 752
425 -2 -2 502
426 -2 -2 592
427 -2 -2 740
428 -2 -2 593
429 -2 -2 862
430 -2 -2 717
431 -2 -2 896
432 -2 -2 593
433 -2 -2 579
434 -2 -2 632
435 -2 -2 666
436 -2 -2 665
437 -2 -2 540
438 -2 -2 690
439 -2 -2 544
440 -2 -2 552
441 -2 -2 641
442 -2 -2 605
443 -2 -2 805
444 -2 -2 612
445 -2 -2 644
446 -2 -2 785
447 -2 -2 718
448 -2 -2 503
449 -2 -2 648
450 -2 -2 635
451 -2 -2 648
452 -2 -2 723
453 -2 -2 620
454 -2 -2 594
455 -2 -2 667
456 -2 -2 699
457 -2 -2 580
458 -2 -2 503
459 -2 -2 536
460 -2 -2 552
461 -2 -2 536
462 -2 -2 723
463 -2 -2 610
464 -2 -2 538
465 -2 -2 557
466 -2 -2 798
467 49 236 476
468 245 246 471
469 50 116 472
470 179 397 473
471 403 468 475
472 398 469 474
473 235 470 476
474 48 472 479
475 56 471 478
476 467 473 479
477 95 205 535
478 321 475 498
479 474 476 484
480 318 358 487
481 25 311 504
482 117 118 484
483 180 241 522
484 479 482 511
485 130 404 498
486 208 331 501
487 244 480 495
488 361 365 734
489 209 359 562
490 28 47 539
491 363 367 655
492 54 313 525
493 302 355 564
494 231 377 578
495 128 487 496
496 243 495 517
497 125 294 520
498 478 485 539
499 96 203 547
500 98 354 584
501 320 486 517
502 71 425 505
503 448 458 739
504 237 481 544
505 149 502 600
506 304 317 703
507 23 357 614
508 182 360 563
509 165 298 711
510 265 267 728
511 307 484 561
512 123 312 525
513 384 423 798
514 396 401 595
515 109 292 558
516 161 345 735
517 496 501 519
518 22 238 616
519 233 517 533
520 102 497 554
521 113 314 615
522 211 483 687
523 303 306 561
524 387 391 534
525 492 512 550
526 52 122 529
527 191 194 643
528 310 399 596
529 400 526 598
530 239 315 615
531 100 202 614
532 201 351 575
533 129 519 585
534 112 524 673
535 204 477 558
536 459 461 621
537 86 89 701
538 296 464 772
539 490 498 553
540 279 437 665
541 27 225 619
542 42 200 660
543 21 242 639
544 439 504 598
545 24 120 636
546 413 416 652
547 356 499 627
548 145 257 829
549 414 417 633
550 124 525 581
551 26 97 573
552 440 460 605
553 131 539 589
554 126 520 661
555 278 309 613
556 70 174 749
557 153 465 858
558 515 535 596
559 332 411 657
560 151 259 600
561 511 523 574
562 319 489 585
563 181 508 577
564 119 493 604
565 207 221 599
566 51 76 574
567 68 420 749
568 389 394 736
569 228 364 747
570 326 327 576
571 44 110 673
572 148 152 845
573 293 551 588
574 561 566 628
575 183 532 599
576 37 570 764
577 346 563 704
578 46 494 697
579 55 433 622
580 85 457 635
581 53 550 618
582 222 388 636
583 43 220 638
584 301 500 588
585 533 562 589
586 9 378 661
587 90 147 646
588 573 584 683
589 553 585 692
590 217 381 608
591 322 323 743
592 260 426 646
593 428 432 799
594 143 454 792
595 127 514 622
596 528 558 642
597 99 393 619
598 529 544 616
599 565 575 775
600 505 560 680
601 288 379 803
602 79 164 658
603 69 150 759
604 223 564 628
605 442 552 649
606 93 337 813
607 216 -1 -3
608 33 590 877
609 41 300 670
610 370 463 649
611 333 415 894
612 31 444 758
613 350 555 666
614 507 531 686
615 521 530 656
616 518 598 634
617 192 280 755
618 402 581 639
619 541 597 712
620 84 453 799
621 8 536 651
622 579 595 692
623 29 197 724
624 104 219 779
625 136 255 664
626 308 382 758
627 224 547 686
628 574 604 737
629 18 291 812
630 63 160 769
631 141 172 735
632 105 434 779
633 412 549 652
634 178 616 721
635 450 580 739
636 545 582 637
637 297 636 712
638 316 583 656
639 543 618 715
640 1 75 796
641 7 441 662
642 20 596 683
643 4 527 794
644 226 445 660
645 108 196 750
646 587 592 693
647 134 407 782
648 449 451 745
649 605 610 719
650 272 274 896
651 230 621 713
652 546 633 829
653 13 261 821
654 35 106 707
655 45 491 727
656 615 638 715
657 0 559 808
658 87 602 728
659 36 285 838
660 542 644 761
661 554 586 708
662 214 641 719
663 132 252 700
664 419 625 669
665 436 540 671
666 435 613 690
667 392 455 736
668 155 156 750
669 137 664 674
670 206 609 685
671 184 665 777
672 139 410 716
673 534 571 746
674 140 669 716
675 234 305 706
676 167 348 741
677 186 264 797
678 5 169 800
679 61 334 866
680 325 600 693
681 60 406 815
682 187 373 705
683 588 642 721
684 114 390 698
685 2 670 775
686 614 627 828
687 227 522 699
688 73 215 734
689 343 418 834
690 438 666 802
691 15 276 803
692 589 622 726
693 646 680 751
694 138 254 714
695 19 330 738
696 170 249 783
697 578 -1 -3
698 146 684 843
699 456 687 729
700 251 663 878
701 421 537 823
702 62 133 774
703 30 506 766
704 232 577 768
705 374 682 844
706 395 675 787
707 163 654 874
708 295 661 726
709 144 273 871
710 175 284 773
711 81 509 767
712 619 637 788
713 14 651 805
714 335 694 792
715 639 656 730
716 672 674 822
717 166 430 867
718 65 447 757
719 649 662 772
720 158 383 724
721 634 683 737
722 58 372 754
723 452 462 842
724 623 720 819
725 3 185 790
726 692 708 818
727 103 655 768
728 510 658 813
729 240 699 730
730 715 729 766
731 121 -1 -3
732 275 328 781
733 92 287 755
734 488 688 777
735 516 631 791
736 568 667 846
737 628 721 828
738 101 695 847
739 503 635 842
740 341 427 849
741 168 676 816
742 193 375 876
743 66 591 759
744 57 59 774
745 386 648 863
746 385 673 761
747 210 569 855
748 10 352 814
749 556 567 788
750 645 668 837
751 324 693 830
752 344 424 845
753 12 371 831
754 190 722 849
755 617 733 860
756 32 336 883
757 67 718 850
758 612 626 899
759 603 743 830
760 247 368 932
761 660 746 846
762 281 376 794
763 283 353 814
764 154 576 885
765 277 366 796
766 703 730 818
767 80 711 867
768 704 727 832
769 142 630 804
770 78 253 817
771 188 262 800
772 538 719 823
773 177 710 793
774 702 744 815
775 599 685 835
776 269 299 864
777 671 734 820
778 198 199 807
779 624 632 780
780 34 779 837
781 270 732 841
782 258 647 824
783 405 696 827
784 212 362 832
785 380 446 843
786 6 195 881
787 17 706 852
788 712 749 809
789 248 286 840
790 91 725 840
791 135 735 824
792 594 714 822
793 82 773 838
794 643 762 870
795 111 -1 -3
796 640 765 883
797 340 677 844
798 466 513 826
799 593 620 839
800 678 771 821
801 409 -1 -3
802 157 690 820
803 601 691 875
804 72 769 836
805 443 713 857
806 74 349 906
807 16 778 851
808 64 657 850
809 788 -1 -3
810 289 290 825
811 347 -1 -3
812 268 629 880
813 606 728 879
814 748 763 891
815 681 774 878
816 176 741 861
817 77 770 894
818 726 766 909
819 213 724 899
820 777 802 873
821 653 800 884
822 716 792 848
823 701 772 857
824 782 791 866
825 115 810 875
826 159 798 915
827 250 783 854
828 686 737 907
829 548 652 869
830 751 759 873
831 369 753 859
832 768 784 903
833 39 107 874
834 271 689 872
835 775 -1 -3
836 422 804 886
837 750 780 892
838 659 793 919
839 171 799 876
840 789 790 860
841 329 781 905
842 723 739 888
843 698 785 863
844 705 797 859
845 572 752 858
846 736 761 893
847 738 -1 -3
848 256 822 898
849 740 754 882
850 757 808 869
851 229 807 913
852 94 787 877
853 189 -1 -3
854 263 827 884
855 747 -1 -3
856 88 266 887
857 805 823 907
858 557 845 895
859 831 844 882
860 755 840 870
861 162 816 887
862 38 429 890
863 745 843 915
864 776 -1 -3
865 218 -1 -3
866 679 824 901
867 717 767 879
868 83 338 889
869 829 850 888
870 794 860 881
871 408 709 901
872 342 834 911
873 820 830 895
874 707 833 885
875 803 825 897
876 742 839 911
877 608 852 892
878 700 815 904
879 813 867 880
880 812 879 890
881 786 870 931
882 849 859 912
883 756 796 913
884 821 854 929
885 764 874 920
886 173 836 910
887 856 861 906
888 842 869 910
889 339 868 928
890 862 880 918
891 11 814 902
892 837 877 917
893 846 -1 -3
894 611 817 898
895 858 873 903
896 431 650 904
897 875 -1 -3
898 848 894 914
899 758 819 900
900 899 -1 -3
901 866 871 914
902 282 891 924
903 832 895 930
904 878 896 927
905 40 841 923
906 806 887 926
907 828 857 908
908 907 -1 -3
909 818 -1 -3
910 886 888 916
911 872 876 912
912 882 911 922
913 851 883 933
914 898 901 921
915 826 863 925
916 910 -1 -3
917 892 -1 -3
918 890 -1 -3
919 838 -1 -3
920 885 -1 -3
921 914 -1 -3
922 912 -1 -3
923 905 -1 -3
924 902 -1 -3
925 915 -1 -3
926 906 -1 -3
927 904 -1 -3
928 889 -1 -3
929 884 -1 -3
930 903 -1 -3
931 881 -1 -3
932 760 -1 -3
933 913 -1 -3
