## Clustering history of event 6
## history_index parent1 parent2 child
0 -2 -2 828
1 -2 -2 713
2 -2 -2 548
3 -2 -2 603
4 -2 -2 715
5 -2 -2 1023
6 -2 -2 894
7 -2 -2 685
8 -2 -2 793
9 -2 -2 675
10 -2 -2 834
11 -2 -2 648
12 -2 -2 530
13 -2 -2 579
14 -2 -2 690
15 -2 -2 571
16 -2 -2 590
17 -2 -2 719
18 -2 -2 681
19 -2 -2 524
20 -2 -2 730
21 -2 -2 572
22 -2 -2 910
23 -2 -2 919
24 -2 -2 660
25 -2 -2 654
26 -2 -2 682
27 -2 -2 552
28 -2 -2 791
29 -2 -2 650
30 -2 -2 576
31 -2 -2 677
32 -2 -2 677
33 -2 -2 770
34 -2 -2 794
35 -2 -2 757
36 -2 -2 682
37 -2 -2 760
38 -2 -2 1008
39 -2 -2 821
40 -2 -2 673
41 -2 -2 836
42 -2 -2 808
43 -2 -2 824
44 -2 -2 876
45 -2 -2 980
46 -2 -2 619
47 -2 -2 760
48 -2 -2 559
49 -2 -2 539
50 -2 -2 913
51 -2 -2 927
52 -2 -2 606
53 -2 -2 773
54 -2 -2 585
55 -2 -2 884
56 -2 -2 704
57 -2 -2 922
58 -2 -2 802
59 -2 -2 866
60 -2 -2 1002
61 -2 -2 739
62 -2 -2 686
63 -2 -2 822
64 -2 -2 521
65 -2 -2 589
66 -2 -2 613
67 -2 -2 589
68 -2 -2 643
69 -2 -2 543
70 -2 -2 554
71 -2 -2 519
72 -2 -2 567
73 -2 -2 586
74 -2 -2 543
75 -2 -2 548
76 -2 -2 660
77 -2 -2 798
78 -2 -2 661
79 -2 -2 838
80 -2 -2 669
81 -2 -2 742
82 -2 -2 809
83 -2 -2 709
84 -2 -2 533
85 -2 -2 892
86 -2 -2 837
87 -2 -2 833
88 -2 -2 757
89 -2 -2 797
90 -2 -2 939
91 -2 -2 648
92 -2 -2 710
93 -2 -2 570
94 -2 -2 557
95 -2 -2 547
96 -2 -2 530
97 -2 -2 699
98 -2 -2 712
99 -2 -2 630
100 -2 -2 696
101 -2 -2 557
102 -2 -2 839
103 -2 -2 568
104 -2 -2 553
105 -2 -2 782
106 -2 -2 521
107 -2 -2 621
108 -2 -2 563
109 -2 -2 671
110 -2 -2 520
111 -2 -2 561
112 -2 -2 518
113 -2 -2 717
114 -2 -2 651
115 -2 -2 634
116 -2 -2 651
117 -2 -2 694
118 -2 -2 784
119 -2 -2 572
120 -2 -2 854
121 -2 -2 934
122 -2 -2 772
123 -2 -2 826
124 -2 -2 885
125 -2 -2 541
126 -2 -2 642
127 -2 -2 704
128 -2 -2 812
129 -2 -2 830
130 -2 -2 938
131 -2 -2 583
132 -2 -2 632
133 -2 -2 773
134 -2 -2 602
135 -2 -2 535
136 -2 -2 867
137 -2 -2 569
138 -2 -2 816
139 -2 -2 818
140 -2 -2 582
141 -2 -2 678
142 -2 -2 546
143 -2 -2 560
144 -2 -2 689
145 -2 -2 683
146 -2 -2 672
147 -2 -2 689
148 -2 -2 870
149 -2 -2 535
150 -2 -2 735
151 -2 -2 569
152 -2 -2 744
153 -2 -2 646
154 -2 -2 620
155 -2 -2 550
156 -2 -2 861
157 -2 -2 1012
158 -2 -2 866
159 -2 -2 910
160 -2 -2 612
161 -2 -2 802
162 -2 -2 795
163 -2 -2 849
164 -2 -2 759
165 -2 -2 827
166 -2 -2 609
167 -2 -2 851
168 -2 -2 834
169 -2 -2 734
170 -2 -2 644
171 -2 -2 859
172 -2 -2 652
173 -2 -2 781
174 -2 -2 786
175 -2 -2 566
176 -2 -2 971
177 -2 -2 656
178 -2 -2 779
179 -2 -2 666
180 -2 -2 620
181 -2 -2 764
182 -2 -2 762
183 -2 -2 655
184 -2 -2 754
185 -2 -2 810
186 -2 -2 668
187 -2 -2 645
188 -2 -2 784
189 -2 -2 811
190 -2 -2 907
191 -2 -2 592
192 -2 -2 972
193 -2 -2 518
194 -2 -2 679
195 -2 -2 855
196 -2 -2 597
197 -2 -2 841
198 -2 -2 624
199 -2 -2 597
200 -2 -2 743
201 -2 -2 667
202 -2 -2 743
203 -2 -2 780
204 -2 -2 644
205 -2 -2 808
206 -2 -2 807
207 -2 -2 728
208 -2 -2 550
209 -2 -2 706
210 -2 -2 725
211 -2 -2 699
212 -2 -2 698
213 -2 -2 658
214 -2 -2 585
215 -2 -2 693
216 -2 -2 790
217 -2 -2 782
218 -2 -2 579
219 -2 -2 542
220 -2 -2 657
221 -2 -2 659
222 -2 -2 741
223 -2 -2 614
224 -2 -2 520
225 -2 -2 561
226 -2 -2 605
227 -2 -2 687
228 -2 -2 942
229 -2 -2 772
230 -2 -2 750
231 -2 -2 894
232 -2 -2 721
233 -2 -2 626
234 -2 -2 626
235 -2 -2 541
236 -2 -2 638
237 -2 -2 762
238 -2 -2 558
239 -2 -2 519
240 -2 -2 608
241 -2 -2 608
242 -2 -2 680
243 -2 -2 568
244 -2 -2 631
245 -2 -2 604
246 -2 -2 573
247 -2 -2 647
248 -2 -2 663
249 -2 -2 573
250 -2 -2 596
251 -2 -2 611
252 -2 -2 768
253 -2 -2 766
254 -2 -2 823
255 -2 -2 636
256 -2 -2 887
257 -2 -2 895
258 -2 -2 591
259 -2 -2 623
260 -2 -2 981
261 -2 -2 714
262 -2 -2 702
263 -2 -2 768
264 -2 -2 865
265 -2 -2 752
266 -2 -2 869
267 -2 -2 619
268 -2 -2 758
269 -2 -2 766
270 -2 -2 622
271 -2 -2 638
272 -2 -2 654
273 -2 -2 881
274 -2 -2 908
275 -2 -2 547
276 -2 -2 549
277 -2 -2 601
278 -2 -2 601
279 -2 -2 527
280 -2 -2 527
281 -2 -2 538
282 -2 -2 801
283 -2 -2 969
284 -2 -2 625
285 -2 -2 936
286 -2 -2 611
287 -2 -2 777
288 -2 -2 746
289 -2 -2 580
290 -2 -2 907
291 -2 -2 591
292 -2 -2 708
293 -2 -2 737
294 -2 -2 716
295 -2 -2 742
296 -2 -2 852
297 -2 -2 688
298 -2 -2 895
299 -2 -2 801
300 -2 -2 606
301 -2 -2 697
302 -2 -2 723
303 -2 -2 799
304 -2 -2 738
305 -2 -2 717
306 -2 -2 805
307 -2 -2 738
308 -2 -2 553
309 -2 -2 629
310 -2 -2 769
311 -2 -2 719
312 -2 -2 613
313 -2 -2 562
314 -2 -2 525
315 -2 -2 600
316 -2 -2 934
317 -2 -2 750
318 -2 -2 761
319 -2 -2 756
320 -2 -2 761
321 -2 -2 612
322 -2 -2 778
323 -2 -2 871
324 -2 -2 898
325 -2 -2 818
326 -2 -2 775
327 -2 -2 781
328 -2 -2 727
329 -2 -2 534
330 -2 -2 524
331 -2 -2 630
332 -2 -2 607
333 -2 -2 576
334 -2 -2 655
335 -2 -2 846
336 -2 -2 582
337 -2 -2 734
338 -2 -2 793
339 -2 -2 859
340 -2 -2 627
341 -2 -2 694
342 -2 -2 629
343 -2 -2 640
344 -2 -2 703
345 -2 -2 856
346 -2 -2 835
347 -2 -2 656
348 -2 -2 758
349 -2 -2 733
350 -2 -2 706
351 -2 -2 625
352 -2 -2 618
353 -2 -2 627
354 -2 -2 817
355 -2 -2 695
356 -2 -2 639
357 -2 -2 932
358 -2 -2 833
359 -2 -2 988
360 -2 -2 806
361 -2 -2 860
362 -2 -2 909
363 -2 -2 911
364 -2 -2 776
365 -2 -2 709
366 -2 -2 661
367 -2 -2 798
368 -2 -2 592
369 -2 -2 922
370 -2 -2 684
371 -2 -2 542
372 -2 -2 514
373 -2 -2 712
374 -2 -2 732
375 -2 -2 643
376 -2 -2 882
377 -2 -2 595
378 -2 -2 556
379 -2 -2 595
380 -2 -2 713
381 -2 -2 556
382 -2 -2 941
383 -2 -2 667
384 -2 -2 855
385 -2 -2 747
386 -2 -2 653
387 -2 -2 849
388 -2 -2 684
389 -2 -2 943
390 -2 -2 807
391 -2 -2 662
392 -2 -2 690
393 -2 -2 614
394 -2 -2 658
395 -2 -2 514
396 -2 -2 687
397 -2 -2 669
398 -2 -2 721
399 -2 -2 774
400 -2 -2 580
401 -2 -2 809
402 -2 -2 724
403 -2 -2 624
404 -2 -2 562
405 -2 -2 610
406 -2 -2 566
407 -2 -2 685
408 -2 -2 670
409 -2 -2 744
410 -2 -2 735
411 -2 -2 827
412 -2 -2 829
413 -2 -2 666
414 -2 -2 676
415 -2 -2 552
416 -2 -2 628
417 -2 -2 554
418 -2 -2 676
419 -2 -2 674
420 -2 -2 633
421 -2 -2 596
422 -2 -2 618
423 -2 -2 848
424 -2 -2 693
425 -2 -2 883
426 -2 -2 955
427 -2 -2 754
428 -2 -2 881
429 -2 -2 594
430 -2 -2 883
431 -2 -2 615
432 -2 -2 877
433 -2 -2 785
434 -2 -2 733
435 -2 -2 767
436 -2 -2 615
437 -2 -2 824
438 -2 -2 869
439 -2 -2 726
440 -2 -2 752
441 -2 -2 810
442 -2 -2 639
443 -2 -2 913
444 -2 -2 861
445 -2 -2 646
446 -2 -2 740
447 -2 -2 829
448 -2 -2 670
449 -2 -2 897
450 -2 -2 700
451 -2 -2 588
452 -2 -2 780
453 -2 -2 549
454 -2 -2 588
455 -2 -2 632
456 -2 -2 812
457 -2 -2 653
458 -2 -2 731
459 -2 -2 710
460 -2 -2 622
461 -2 -2 675
462 -2 -2 533
463 -2 -2 645
464 -2 -2 605
465 -2 -2 642
466 -2 -2 813
467 -2 -2 804
468 -2 -2 640
469 -2 -2 729
470 -2 -2 616
471 -2 -2 575
472 -2 -2 564
473 -2 -2 540
474 -2 -2 525
475 -2 -2 587
476 -2 -2 534
477 -2 -2 594
478 -2 -2 560
479 -2 -2 711
480 -2 -2 662
481 -2 -2 583
482 -2 -2 559
483 -2 -2 790
484 -2 -2 516
485 -2 -2 515
486 -2 -2 609
487 -2 -2 785
488 -2 -2 517
489 -2 -2 546
490 -2 -2 555
491 -2 -2 846
492 -2 -2 555
493 -2 -2 751
494 -2 -2 765
495 -2 -2 603
496 -2 -2 668
497 -2 -2 723
498 -2 -2 804
499 -2 -2 523
500 -2 -2 515
501 -2 -2 544
502 -2 -2 537
503 -2 -2 537
504 -2 -2 531
505 -2 -2 536
506 -2 -2 523
507 -2 -2 529
508 -2 -2 529
509 -2 -2 528
510 -2 -2 528
511 -2 -2 522
512 -2 -2 522
513 -2 -2 517
514 372 395 599
515 485 500 516
516 484 515 526
517 488 513 531
518 112 193 564
519 71 239 586
520 110 224 578
521 64 106 657
522 511 512 532
523 499 506 526
524 19 330 558
525 314 474 540
526 516 523 536
527 279 280 539
528 509 510 538
529 507 508 545
530 12 96 570
531 504 517 532
532 522 531 551
533 84 462 602
534 329 476 575
535 135 149 607
536 505 526 563
537 502 503 545
538 281 528 551
539 49 527 544
540 473 525 567
541 125 235 778
542 219 371 598
543 69 74 577
544 501 539 565
545 529 537 581
546 142 489 707
547 95 275 695
548 2 75 716
549 276 453 698
550 155 208 786
551 532 538 565
552 27 415 634
553 104 308 692
554 70 417 574
555 490 492 696
556 378 381 593
557 94 101 584
558 238 524 600
559 48 482 637
560 143 478 674
561 111 225 578
562 313 404 831
563 108 536 571
564 472 518 635
565 544 551 581
566 175 406 672
567 72 540 574
568 103 243 683
569 137 151 792
570 93 530 584
571 15 563 590
572 21 119 999
573 246 249 663
574 554 567 593
575 471 534 577
576 30 333 604
577 543 575 617
578 520 561 649
579 13 218 692
580 289 400 679
581 545 565 637
582 140 336 708
583 131 481 815
584 557 570 705
585 54 214 610
586 73 519 587
587 475 586 701
588 451 454 673
589 65 67 870
590 16 571 598
591 258 291 715
592 191 368 739
593 556 574 617
594 429 477 777
595 377 379 616
596 250 421 633
597 196 199 838
598 542 590 599
599 514 598 621
600 315 558 650
601 277 278 641
602 134 533 747
603 3 495 623
604 245 576 631
605 226 464 730
606 52 300 779
607 332 535 720
608 240 241 628
609 166 486 636
610 405 585 753
611 251 286 740
612 160 321 854
613 66 312 831
614 223 393 649
615 431 436 931
616 470 595 664
617 577 593 635
618 352 422 901
619 46 267 731
620 154 180 702
621 107 599 755
622 270 460 940
623 259 603 746
624 198 403 688
625 284 351 799
626 233 234 774
627 340 353 678
628 416 608 718
629 309 342 819
630 99 331 896
631 244 604 722
632 132 455 759
633 420 596 647
634 115 552 665
635 564 617 664
636 255 609 806
637 559 581 641
638 236 271 700
639 356 442 908
640 343 468 652
641 601 637 974
642 126 465 714
643 68 375 828
644 170 204 727
645 187 463 724
646 153 445 737
647 247 633 749
648 11 91 697
649 578 614 671
650 29 600 665
651 114 116 707
652 172 640 794
653 386 457 864
654 25 272 703
655 183 334 722
656 177 347 939
657 220 521 659
658 213 394 879
659 221 657 755
660 24 76 821
661 78 366 819
662 391 480 691
663 248 573 680
664 616 635 701
665 634 650 718
666 179 413 775
667 201 383 763
668 186 496 753
669 80 397 745
670 408 448 863
671 109 649 681
672 146 566 736
673 40 588 751
674 419 560 748
675 9 461 725
676 414 418 736
677 31 32 836
678 141 627 817
679 194 580 843
680 242 663 749
681 18 671 815
682 26 36 862
683 145 568 832
684 370 388 783
685 7 407 915
686 62 -1 -3
687 227 396 732
688 297 624 745
689 144 147 720
690 14 392 691
691 662 690 796
692 553 579 711
693 215 424 771
694 117 341 783
695 355 547 705
696 100 555 788
697 301 648 887
698 212 549 800
699 97 211 800
700 450 638 803
701 587 664 789
702 262 620 816
703 344 654 803
704 56 127 864
705 584 695 857
706 209 350 835
707 546 651 832
708 292 582 729
709 83 365 872
710 92 459 949
711 479 692 918
712 98 373 788
713 1 380 822
714 261 642 843
715 4 591 811
716 294 548 905
717 113 305 814
718 628 665 748
719 17 311 741
720 607 689 926
721 232 398 787
722 631 655 791
723 302 497 813
724 402 645 873
725 210 675 726
726 439 725 877
727 328 644 728
728 207 727 874
729 469 708 888
730 20 605 771
731 458 619 797
732 374 687 830
733 349 434 860
734 169 337 844
735 150 410 764
736 672 676 878
737 293 646 897
738 304 307 825
739 61 592 826
740 446 611 997
741 222 719 900
742 81 295 875
743 200 202 763
744 152 409 868
745 669 688 850
746 288 623 805
747 385 602 840
748 674 718 789
749 647 680 792
750 230 317 837
751 493 673 906
752 265 440 767
753 610 668 848
754 184 427 924
755 621 659 953
756 319 -1 -3
757 35 88 874
758 268 348 856
759 164 632 796
760 37 47 979
761 318 320 891
762 182 237 966
763 667 743 905
764 181 735 847
765 494 -1 -3
766 253 269 823
767 435 752 865
768 252 263 770
769 310 -1 -3
770 33 768 880
771 693 730 852
772 122 229 891
773 53 133 776
774 399 626 787
775 326 666 862
776 364 773 911
777 287 594 920
778 322 541 795
779 178 606 876
780 203 452 904
781 173 327 851
782 105 217 937
783 684 694 820
784 118 188 889
785 433 487 901
786 174 550 853
787 721 774 886
788 696 712 857
789 701 748 814
790 216 483 893
791 28 722 842
792 569 749 842
793 8 338 933
794 34 652 917
795 162 778 946
796 691 759 840
797 89 731 923
798 77 367 875
799 303 625 930
800 698 699 858
801 282 299 967
802 58 161 884
803 700 703 880
804 467 498 912
805 306 746 938
806 360 636 936
807 206 390 845
808 42 205 844
809 82 401 882
810 185 441 918
811 189 715 916
812 128 456 921
813 466 723 845
814 717 789 890
815 583 681 893
816 138 702 970
817 354 678 863
818 139 325 984
819 629 661 820
820 783 819 965
821 39 660 948
822 63 713 898
823 254 766 902
824 43 437 949
825 738 -1 -3
826 123 739 892
827 165 411 853
828 0 643 841
829 412 447 868
830 129 732 872
831 562 613 935
832 683 707 890
833 87 358 931
834 10 168 968
835 346 706 933
836 41 677 917
837 86 750 957
838 79 597 948
839 102 -1 -3
840 747 796 879
841 197 828 904
842 791 792 959
843 679 714 921
844 734 808 930
845 807 813 963
846 335 491 847
847 764 846 906
848 423 753 899
849 163 387 850
850 745 849 961
851 167 781 915
852 296 771 973
853 786 827 912
854 120 612 885
855 195 384 889
856 345 758 903
857 705 788 858
858 800 857 974
859 171 339 909
860 361 733 928
861 156 444 1010
862 682 775 925
863 670 817 950
864 653 704 982
865 264 767 932
866 59 158 919
867 136 -1 -3
868 744 829 888
869 266 438 923
870 148 589 871
871 323 870 914
872 709 830 873
873 724 872 965
874 728 757 920
875 742 798 944
876 44 779 929
877 432 726 903
878 736 -1 -3
879 658 840 899
880 770 803 947
881 273 428 952
882 376 809 977
883 425 430 924
884 55 802 941
885 124 854 886
886 787 885 946
887 256 697 951
888 729 868 955
889 784 855 982
890 814 832 983
891 761 772 976
892 85 826 942
893 790 815 900
894 6 231 957
895 257 298 971
896 630 -1 -3
897 449 737 947
898 324 822 914
899 848 879 956
900 741 893 993
901 618 785 902
902 823 901 940
903 856 877 951
904 780 841 978
905 716 763 944
906 751 847 926
907 190 290 916
908 274 639 954
909 362 859 928
910 22 159 972
911 363 776 937
912 804 853 994
913 50 443 967
914 871 898 953
915 685 851 984
916 811 907 945
917 794 836 925
918 711 810 956
919 23 866 960
920 777 874 964
921 812 843 989
922 57 369 945
923 797 869 929
924 754 883 952
925 862 917 987
926 720 906 959
927 51 -1 -3
928 860 909 979
929 876 923 958
930 799 844 963
931 615 833 958
932 357 865 968
933 793 835 985
934 121 316 960
935 831 -1 -3
936 285 806 950
937 782 911 986
938 130 805 990
939 90 656 975
940 622 902 1024
941 382 884 962
942 228 892 1013
943 389 -1 -3
944 875 905 962
945 916 922 991
946 795 886 989
947 880 897 970
948 821 838 961
949 710 824 980
950 863 936 1011
951 887 903 985
952 881 924 1006
953 755 914 983
954 908 -1 -3
955 426 888 966
956 899 918 993
957 837 894 998
958 929 931 975
959 842 926 992
960 919 934 976
961 850 948 977
962 941 944 1000
963 845 930 964
964 920 963 994
965 820 873 1017
966 762 955 987
967 801 913 969
968 834 932 988
969 283 967 996
970 816 947 997
971 176 895 996
972 192 910 998
973 852 -1 -3
974 641 858 1016
975 939 958 1001
976 891 960 1005
977 882 961 1004
978 904 -1 -3
979 760 928 995
980 45 949 1019
981 260 -1 -3
982 864 889 991
983 890 953 1027
984 818 915 995
985 933 951 1001
986 937 -1 -3
987 925 966 992
988 359 968 1018
989 921 946 990
990 938 989 999
991 945 982 1000
992 959 987 1009
993 900 956 1015
994 912 964 1007
995 979 984 1021
996 969 971 1014
997 740 970 1003
998 957 972 1022
999 572 990 1025
1000 962 991 1026
1001 975 985 1020
1002 60 -1 -3
1003 997 -1 -3
1004 977 -1 -3
1005 976 -1 -3
1006 952 -1 -3
1007 994 -1 -3
1008 38 -1 -3
1009 992 -1 -3
1010 861 -1 -3
1011 950 -1 -3
1012 157 -1 -3
1013 942 -1 -3
1014 996 -1 -3
1015 993 -1 -3
1016 974 -1 -3
1017 965 -1 -3
1018 988 -1 -3
1019 980 -1 -3
1020 1001 -1 -3
1021 995 -1 -3
1022 998 -1 -3
1023 5 -1 -3
1024 940 -1 -3
1025 999 -1 -3
1026 1000 -1 -3
1027 983 -1 -3
