## Clustering history of event 7
## history_index parent1 parent2 child
0 -2 -2 787
1 -2 -2 927
2 -2 -2 1061
3 -2 -2 965
4 -2 -2 817
5 -2 -2 946
6 -2 -2 1040
7 -2 -2 1184
8 -2 -2 628
9 -2 -2 628
10 -2 -2 656
11 -2 -2 695
12 -2 -2 1130
13 -2 -2 819
14 -2 -2 639
15 -2 -2 649
16 -2 -2 647
17 -2 -2 819
18 -2 -2 647
19 -2 -2 638
20 -2 -2 636
21 -2 -2 637
22 -2 -2 623
23 -2 -2 622
24 -2 -2 633
25 -2 -2 720
26 -2 -2 707
27 -2 -2 687
28 -2 -2 970
29 -2 -2 747
30 -2 -2 916
31 -2 -2 1176
32 -2 -2 837
33 -2 -2 1053
34 -2 -2 1153
35 -2 -2 913
36 -2 -2 1129
37 -2 -2 1065
38 -2 -2 945
39 -2 -2 1217
40 -2 -2 1233
41 -2 -2 919
42 -2 -2 1043
43 -2 -2 830
44 -2 -2 1042
45 -2 -2 640
46 -2 -2 680
47 -2 -2 933
48 -2 -2 1137
49 -2 -2 884
50 -2 -2 1082
51 -2 -2 924
52 -2 -2 832
53 -2 -2 867
54 -2 -2 870
55 -2 -2 959
56 -2 -2 1068
57 -2 -2 834
58 -2 -2 795
59 -2 -2 700
60 -2 -2 818
61 -2 -2 798
62 -2 -2 847
63 -2 -2 806
64 -2 -2 911
65 -2 -2 1080
66 -2 -2 1032
67 -2 -2 990
68 -2 -2 759
69 -2 -2 922
70 -2 -2 950
71 -2 -2 1190
72 -2 -2 763
73 -2 -2 777
74 -2 -2 1140
75 -2 -2 953
76 -2 -2 891
77 -2 -2 834
78 -2 -2 1046
79 -2 -2 1109
80 -2 -2 928
81 -2 -2 1193
82 -2 -2 861
83 -2 -2 938
84 -2 -2 807
85 -2 -2 896
86 -2 -2 975
87 -2 -2 737
88 -2 -2 927
89 -2 -2 1139
90 -2 -2 987
91 -2 -2 817
92 -2 -2 861
93 -2 -2 802
94 -2 -2 826
95 -2 -2 663
96 -2 -2 713
97 -2 -2 742
98 -2 -2 693
99 -2 -2 654
100 -2 -2 698
101 -2 -2 672
102 -2 -2 764
103 -2 -2 756
104 -2 -2 739
105 -2 -2 719
106 -2 -2 689
107 -2 -2 652
108 -2 -2 646
109 -2 -2 720
110 -2 -2 835
111 -2 -2 644
112 -2 -2 658
113 -2 -2 709
114 -2 -2 658
115 -2 -2 778
116 -2 -2 630
117 -2 -2 644
118 -2 -2 1102
119 -2 -2 897
120 -2 -2 905
121 -2 -2 783
122 -2 -2 845
123 -2 -2 1050
124 -2 -2 824
125 -2 -2 810
126 -2 -2 828
127 -2 -2 779
128 -2 -2 828
129 -2 -2 779
130 -2 -2 1010
131 -2 -2 754
132 -2 -2 1111
133 -2 -2 715
134 -2 -2 805
135 -2 -2 869
136 -2 -2 813
137 -2 -2 715
138 -2 -2 669
139 -2 -2 690
140 -2 -2 662
141 -2 -2 753
142 -2 -2 919
143 -2 -2 1057
144 -2 -2 882
145 -2 -2 1024
146 -2 -2 1057
147 -2 -2 793
148 -2 -2 1173
149 -2 -2 982
150 -2 -2 884
151 -2 -2 886
152 -2 -2 694
153 -2 -2 964
154 -2 -2 1018
155 -2 -2 1058
156 -2 -2 993
157 -2 -2 971
158 -2 -2 935
159 -2 -2 858
160 -2 -2 981
161 -2 -2 1155
162 -2 -2 935
163 -2 -2 1046
164 -2 -2 694
165 -2 -2 1027
166 -2 -2 705
167 -2 -2 759
168 -2 -2 854
169 -2 -2 1077
170 -2 -2 898
171 -2 -2 994
172 -2 -2 1044
173 -2 -2 885
174 -2 -2 957
175 -2 -2 906
176 -2 -2 824
177 -2 -2 1007
178 -2 -2 1011
179 -2 -2 936
180 -2 -2 1077
181 -2 -2 897
182 -2 -2 1140
183 -2 -2 1144
184 -2 -2 1116
185 -2 -2 978
186 -2 -2 1038
187 -2 -2 894
188 -2 -2 848
189 -2 -2 1066
190 -2 -2 1144
191 -2 -2 803
192 -2 -2 798
193 -2 -2 716
194 -2 -2 758
195 -2 -2 907
196 -2 -2 756
197 -2 -2 727
198 -2 -2 635
199 -2 -2 838
200 -2 -2 760
201 -2 -2 641
202 -2 -2 811
203 -2 -2 623
204 -2 -2 746
205 -2 -2 951
206 -2 -2 1017
207 -2 -2 1066
208 -2 -2 787
209 -2 -2 796
210 -2 -2 796
211 -2 -2 684
212 -2 -2 1018
213 -2 -2 866
214 -2 -2 725
215 -2 -2 901
216 -2 -2 1085
217 -2 -2 1071
218 -2 -2 873
219 -2 -2 914
220 -2 -2 928
221 -2 -2 912
222 -2 -2 912
223 -2 -2 1074
224 -2 -2 826
225 -2 -2 914
226 -2 -2 661
227 -2 -2 859
228 -2 -2 629
229 -2 -2 632
230 -2 -2 845
231 -2 -2 807
232 -2 -2 729
233 -2 -2 947
234 -2 -2 850
235 -2 -2 762
236 -2 -2 784
237 -2 -2 735
238 -2 -2 761
239 -2 -2 643
240 -2 -2 627
241 -2 -2 736
242 -2 -2 678
243 -2 -2 772
244 -2 -2 732
245 -2 -2 660
246 -2 -2 671
247 -2 -2 670
248 -2 -2 648
249 -2 -2 748
250 -2 -2 692
251 -2 -2 636
252 -2 -2 664
253 -2 -2 657
254 -2 -2 622
255 -2 -2 679
256 -2 -2 892
257 -2 -2 624
258 -2 -2 624
259 -2 -2 1034
260 -2 -2 1192
261 -2 -2 749
262 -2 -2 848
263 -2 -2 786
264 -2 -2 812
265 -2 -2 812
266 -2 -2 997
267 -2 -2 889
268 -2 -2 1075
269 -2 -2 820
270 -2 -2 705
271 -2 -2 815
272 -2 -2 961
273 -2 -2 878
274 -2 -2 1022
275 -2 -2 724
276 -2 -2 634
277 -2 -2 625
278 -2 -2 835
279 -2 -2 929
280 -2 -2 939
281 -2 -2 980
282 -2 -2 925
283 -2 -2 1145
284 -2 -2 942
285 -2 -2 1032
286 -2 -2 963
287 -2 -2 933
288 -2 -2 911
289 -2 -2 1049
290 -2 -2 921
291 -2 -2 953
292 -2 -2 764
293 -2 -2 955
294 -2 -2 794
295 -2 -2 847
296 -2 -2 745
297 -2 -2 994
298 -2 -2 1002
299 -2 -2 743
300 -2 -2 860
301 -2 -2 1095
302 -2 -2 1002
303 -2 -2 898
304 -2 -2 922
305 -2 -2 904
306 -2 -2 870
307 -2 -2 841
308 -2 -2 801
309 -2 -2 1044
310 -2 -2 885
311 -2 -2 967
312 -2 -2 846
313 -2 -2 810
314 -2 -2 1194
315 -2 -2 967
316 -2 -2 941
317 -2 -2 945
318 -2 -2 751
319 -2 -2 1151
320 -2 -2 888
321 -2 -2 1121
322 -2 -2 1142
323 -2 -2 979
324 -2 -2 998
325 -2 -2 1129
326 -2 -2 744
327 -2 -2 833
328 -2 -2 902
329 -2 -2 984
330 -2 -2 735
331 -2 -2 858
332 -2 -2 806
333 -2 -2 816
334 -2 -2 925
335 -2 -2 916
336 -2 -2 786
337 -2 -2 1036
338 -2 -2 1035
339 -2 -2 1097
340 -2 -2 784
341 -2 -2 863
342 -2 -2 989
343 -2 -2 685
344 -2 -2 1196
345 -2 -2 1166
346 -2 -2 803
347 -2 -2 843
348 -2 -2 965
349 -2 -2 987
350 -2 -2 789
351 -2 -2 872
352 -2 -2 900
353 -2 -2 775
354 -2 -2 695
355 -2 -2 781
356 -2 -2 641
357 -2 -2 629
358 -2 -2 651
359 -2 -2 697
360 -2 -2 880
361 -2 -2 1107
362 -2 -2 865
363 -2 -2 1006
364 -2 -2 632
365 -2 -2 639
366 -2 -2 682
367 -2 -2 790
368 -2 -2 653
369 -2 -2 657
370 -2 -2 766
371 -2 -2 646
372 -2 -2 714
373 -2 -2 679
374 -2 -2 683
375 -2 -2 631
376 -2 -2 876
377 -2 -2 825
378 -2 -2 999
379 -2 -2 977
380 -2 -2 795
381 -2 -2 949
382 -2 -2 1037
383 -2 -2 755
384 -2 -2 908
385 -2 -2 725
386 -2 -2 991
387 -2 -2 882
388 -2 -2 980
389 -2 -2 887
390 -2 -2 832
391 -2 -2 895
392 -2 -2 829
393 -2 -2 777
394 -2 -2 913
395 -2 -2 785
396 -2 -2 791
397 -2 -2 983
398 -2 -2 746
399 -2 -2 675
400 -2 -2 650
401 -2 -2 621
402 -2 -2 840
403 -2 -2 728
404 -2 -2 1045
405 -2 -2 931
406 -2 -2 886
407 -2 -2 976
408 -2 -2 1027
409 -2 -2 837
410 -2 -2 752
411 -2 -2 887
412 -2 -2 910
413 -2 -2 1039
414 -2 -2 1118
415 -2 -2 985
416 -2 -2 871
417 -2 -2 931
418 -2 -2 1133
419 -2 -2 816
420 -2 -2 971
421 -2 -2 921
422 -2 -2 996
423 -2 -2 1031
424 -2 -2 1000
425 -2 -2 883
426 -2 -2 891
427 -2 -2 1033
428 -2 -2 849
429 -2 -2 917
430 -2 -2 917
431 -2 -2 1080
432 -2 -2 960
433 -2 -2 1172
434 -2 -2 888
435 -2 -2 751
436 -2 -2 850
437 -2 -2 804
438 -2 -2 635
439 -2 -2 793
440 -2 -2 818
441 -2 -2 771
442 -2 -2 973
443 -2 -2 864
444 -2 -2 831
445 -2 -2 814
446 -2 -2 894
447 -2 -2 1086
448 -2 -2 1178
449 -2 -2 890
450 -2 -2 978
451 -2 -2 1202
452 -2 -2 946
453 -2 -2 843
454 -2 -2 853
455 -2 -2 863
456 -2 -2 862
457 -2 -2 642
458 -2 -2 794
459 -2 -2 951
460 -2 -2 814
461 -2 -2 1054
462 -2 -2 988
463 -2 -2 770
464 -2 -2 1016
465 -2 -2 962
466 -2 -2 789
467 -2 -2 821
468 -2 -2 1078
469 -2 -2 839
470 -2 -2 802
471 -2 -2 661
472 -2 -2 665
473 -2 -2 678
474 -2 -2 1000
475 -2 -2 866
476 -2 -2 932
477 -2 -2 729
478 -2 -2 722
479 -2 -2 716
480 -2 -2 930
481 -2 -2 800
482 -2 -2 722
483 -2 -2 685
484 -2 -2 865
485 -2 -2 762
486 -2 -2 947
487 -2 -2 985
488 -2 -2 825
489 -2 -2 791
490 -2 -2 708
491 -2 -2 627
492 -2 -2 703
493 -2 -2 790
494 -2 -2 738
495 -2 -2 671
496 -2 -2 638
497 -2 -2 648
498 -2 -2 836
499 -2 -2 767
500 -2 -2 637
501 -2 -2 668
502 -2 -2 749
503 -2 -2 747
504 -2 -2 991
505 -2 -2 1050
506 -2 -2 1047
507 -2 -2 1015
508 -2 -2 904
509 -2 -2 1075
510 -2 -2 1175
511 -2 -2 983
512 -2 -2 961
513 -2 -2 867
514 -2 -2 849
515 -2 -2 745
516 -2 -2 805
517 -2 -2 822
518 -2 -2 681
519 -2 -2 650
520 -2 -2 711
521 -2 -2 634
522 -2 -2 712
523 -2 -2 645
524 -2 -2 662
525 -2 -2 701
526 -2 -2 686
527 -2 -2 769
528 -2 -2 676
529 -2 -2 681
530 -2 -2 908
531 -2 -2 880
532 -2 -2 771
533 -2 -2 700
534 -2 -2 954
535 -2 -2 842
536 -2 -2 763
537 -2 -2 940
538 -2 -2 875
539 -2 -2 998
540 -2 -2 841
541 -2 -2 875
542 -2 -2 808
543 -2 -2 827
544 -2 -2 950
545 -2 -2 1029
546 -2 -2 757
547 -2 -2 1128
548 -2 -2 842
549 -2 -2 801
550 -2 -2 820
551 -2 -2 956
552 -2 -2 952
553 -2 -2 808
554 -2 -2 792
555 -2 -2 958
556 -2 -2 792
557 -2 -2 1113
558 -2 -2 788
559 -2 -2 1081
560 -2 -2 846
561 -2 -2 788
562 -2 -2 757
563 -2 -2 1012
564 -2 -2 761
565 -2 -2 907
566 -2 -2 1036
567 -2 -2 873
568 -2 -2 868
569 -2 -2 868
570 -2 -2 717
571 -2 -2 727
572 -2 -2 688
573 -2 -2 688
574 -2 -2 743
575 -2 -2 752
576 -2 -2 860
577 -2 -2 903
578 -2 -2 889
579 -2 -2 966
580 -2 -2 906
581 -2 -2 1120
582 -2 -2 1089
583 -2 -2 1091
584 -2 -2 981
585 -2 -2 1107
586 -2 -2 857
587 -2 -2 804
588 -2 -2 830
589 -2 -2 905
590 -2 -2 879
591 -2 -2 949
592 -2 -2 682
593 -2 -2 660
594 -2 -2 857
595 -2 -2 1079
596 -2 -2 909
597 -2 -2 625
598 -2 -2 675
599 -2 -2 645
600 -2 -2 680
601 -2 -2 642
602 -2 -2 862
603 -2 -2 621
604 -2 -2 626
605 -2 -2 780
606 -2 -2 780
607 -2 -2 1096
608 -2 -2 958
609 -2 -2 1217
610 -2 -2 1023
611 -2 -2 827
612 -2 -2 957
613 -2 -2 744
614 -2 -2 785
615 -2 -2 754
616 -2 -2 684
617 -2 -2 755
618 -2 -2 1008
619 -2 -2 1008
620 -2 -2 774
621 401 603 640
622 23 254 653
623 22 203 633
624 257 258 630
625 277 597 626
626 604 625 666
627 240 491 649
628 8 9 654
629 228 357 651
630 116 624 631
631 375 630 659
632 229 364 643
633 24 623 668
634 276 521 691
635 198 438 737
636 20 251 667
637 21 500 652
638 19 496 664
639 14 365 672
640 45 621 677
641 201 356 655
642 457 601 666
643 239 632 673
644 111 117 659
645 523 599 669
646 108 371 706
647 16 18 738
648 248 497 667
649 15 627 665
650 400 519 690
651 358 629 655
652 107 637 721
653 368 622 674
654 99 628 656
655 641 651 734
656 10 654 663
657 253 369 699
658 112 114 707
659 631 644 683
660 245 593 719
661 226 471 821
662 140 524 686
663 95 656 693
664 252 638 710
665 472 649 697
666 626 642 676
667 636 648 670
668 501 633 674
669 138 645 677
670 247 667 689
671 246 495 702
672 101 639 673
673 643 672 704
674 653 668 692
675 399 598 712
676 528 666 696
677 640 669 691
678 242 473 713
679 255 373 709
680 46 600 701
681 518 529 724
682 366 592 702
683 374 659 687
684 211 616 902
685 343 483 717
686 526 662 730
687 27 683 718
688 572 573 726
689 106 670 710
690 139 650 728
691 634 677 696
692 250 674 699
693 98 663 698
694 152 164 975
695 11 354 708
696 676 691 711
697 359 665 704
698 100 693 776
699 657 692 706
700 59 533 783
701 525 680 723
702 671 682 703
703 492 702 732
704 673 697 739
705 166 270 1101
706 646 699 721
707 26 658 718
708 490 695 734
709 113 679 714
710 664 689 767
711 520 696 723
712 522 675 731
713 96 678 736
714 372 709 733
715 133 137 822
716 193 479 1006
717 570 685 726
718 687 707 733
719 105 660 741
720 25 109 740
721 652 706 740
722 478 482 800
723 701 711 730
724 275 681 773
725 214 385 901
726 688 717 760
727 197 571 782
728 403 690 731
729 232 477 920
730 686 723 750
731 712 728 750
732 244 703 741
733 714 718 778
734 655 708 742
735 237 330 972
736 241 713 776
737 87 635 838
738 494 647 772
739 104 704 765
740 720 721 748
741 719 732 799
742 97 734 765
743 299 574 854
744 326 613 815
745 296 515 813
746 204 398 769
747 29 503 775
748 249 740 766
749 261 502 962
750 730 731 773
751 318 435 1112
752 410 575 774
753 141 -1 -3
754 131 615 874
755 383 617 770
756 103 196 758
757 546 562 918
758 194 756 823
759 68 167 903
760 200 726 782
761 238 564 936
762 235 485 856
763 72 536 895
764 102 292 948
765 739 742 809
766 370 748 768
767 499 710 768
768 766 767 934
769 527 746 797
770 463 755 1070
771 441 532 833
772 243 738 799
773 724 750 797
774 620 752 1004
775 353 747 926
776 698 736 781
777 73 393 829
778 115 733 934
779 127 129 881
780 605 606 840
781 355 776 809
782 727 760 823
783 121 700 1041
784 236 340 853
785 395 614 1004
786 263 336 859
787 0 208 1054
788 558 561 1012
789 350 466 926
790 367 493 844
791 396 489 876
792 554 556 1112
793 147 439 1056
794 294 458 831
795 58 380 972
796 209 210 1040
797 769 773 851
798 61 192 879
799 741 772 844
800 481 722 856
801 308 549 959
802 93 470 872
803 191 346 955
804 437 587 811
805 134 516 852
806 63 332 869
807 84 231 1061
808 542 553 968
809 765 781 1028
810 125 313 956
811 202 804 999
812 264 265 1025
813 136 745 852
814 445 460 896
815 271 744 923
816 333 419 1039
817 4 91 890
818 60 440 871
819 13 17 877
820 269 550 941
821 467 661 900
822 517 715 883
823 758 782 855
824 124 176 1053
825 377 488 929
826 94 224 839
827 543 611 952
828 126 128 899
829 392 777 881
830 43 588 1042
831 444 794 938
832 52 390 1082
833 327 771 963
834 57 77 864
835 110 278 893
836 498 -1 -3
837 32 409 1009
838 199 737 855
839 469 826 937
840 402 780 851
841 307 540 1021
842 535 548 1013
843 347 453 1122
844 790 799 877
845 122 230 1026
846 312 560 918
847 62 295 909
848 188 262 1076
849 428 514 1014
850 234 436 920
851 797 840 1005
852 805 813 915
853 454 784 943
854 168 743 990
855 823 838 1028
856 762 800 932
857 586 594 976
858 159 331 1022
859 227 786 1134
860 300 576 874
861 82 92 1116
862 456 602 893
863 341 455 982
864 443 834 1088
865 362 484 1019
866 213 475 996
867 53 513 923
868 568 569 943
869 135 806 995
870 54 306 974
871 416 818 1049
872 351 802 969
873 218 567 1086
874 754 860 1030
875 538 541 1106
876 376 791 986
877 819 844 1087
878 273 -1 -3
879 590 798 1110
880 360 531 1091
881 779 829 899
882 144 387 1115
883 425 822 915
884 49 150 984
885 173 310 1108
886 151 406 986
887 389 411 1009
888 320 434 968
889 267 578 1062
890 449 817 1186
891 76 426 1020
892 256 -1 -3
893 835 862 1005
894 187 446 1035
895 391 763 939
896 85 814 910
897 119 181 1033
898 170 303 1095
899 828 881 1010
900 352 821 937
901 215 725 944
902 328 684 944
903 577 759 1101
904 305 508 979
905 120 589 1020
906 175 580 997
907 195 565 942
908 384 530 988
909 596 847 1026
910 412 896 1017
911 64 288 1055
912 221 222 1099
913 35 394 954
914 219 225 1003
915 852 883 995
916 30 335 1025
917 429 430 1171
918 757 846 974
919 41 142 1007
920 729 850 1001
921 290 421 1019
922 69 304 940
923 815 867 924
924 51 923 1083
925 282 334 1123
926 775 789 1016
927 1 88 1241
928 80 220 1003
929 279 825 977
930 480 -1 -3
931 405 417 1041
932 476 856 1001
933 47 287 1060
934 768 778 1052
935 158 162 948
936 179 761 992
937 839 900 969
938 83 831 1104
939 280 895 960
940 537 922 1067
941 316 820 1015
942 284 907 1088
943 853 868 1051
944 901 902 993
945 38 317 1023
946 5 452 1100
947 233 486 1048
948 764 935 1094
949 381 591 1069
950 70 544 1034
951 205 459 1156
952 552 827 1065
953 75 291 1058
954 534 913 1011
955 293 803 1104
956 551 810 1029
957 174 612 1124
958 555 608 1151
959 55 801 966
960 432 939 1067
961 272 512 1014
962 465 749 1076
963 286 833 1072
964 153 -1 -3
965 3 348 1122
966 579 959 1021
967 311 315 1013
968 808 888 1096
969 872 937 1074
970 28 -1 -3
971 157 420 1073
972 735 795 992
973 442 -1 -3
974 870 918 1081
975 86 694 1145
976 407 857 1024
977 379 929 1059
978 185 450 1038
979 323 904 1062
980 281 388 1064
981 160 584 1159
982 149 863 989
983 397 511 1103
984 329 884 1047
985 415 487 1090
986 876 886 1069
987 90 349 1073
988 462 908 1037
989 342 982 1051
990 67 854 1105
991 386 504 1068
992 936 972 1090
993 156 944 1135
994 171 297 1143
995 869 915 1199
996 422 866 1031
997 266 906 1142
998 324 539 1108
999 378 811 1056
1000 424 474 1063
1001 920 932 1093
1002 298 302 1105
1003 914 928 1163
1004 774 785 1083
1005 851 893 1052
1006 363 716 1141
1007 177 919 1119
1008 618 619 1070
1009 837 887 1043
1010 130 899 1030
1011 178 954 1084
1012 563 788 1064
1013 842 967 1160
1014 849 961 1169
1015 507 941 1120
1016 464 926 1126
1017 206 910 1109
1018 154 212 1063
1019 865 921 1048
1020 891 905 1118
1021 841 966 1157
1022 274 858 1060
1023 610 945 1124
1024 145 976 1115
1025 812 916 1134
1026 845 909 1094
1027 165 408 1102
1028 809 855 1087
1029 545 956 1160
1030 874 1010 1136
1031 423 996 1170
1032 66 285 1097
1033 427 897 1098
1034 259 950 1192
1035 338 894 1139
1036 337 566 1132
1037 382 988 1183
1038 186 978 1071
1039 413 816 1195
1040 6 796 1100
1041 783 931 1072
1042 44 830 1103
1043 42 1009 1111
1044 172 309 1157
1045 404 -1 -3
1046 78 163 1117
1047 506 984 1059
1048 947 1019 1093
1049 289 871 1055
1050 123 505 1165
1051 943 989 1189
1052 934 1005 1149
1053 33 824 1106
1054 461 787 1089
1055 911 1049 1127
1056 793 999 1164
1057 143 146 1114
1058 155 953 1123
1059 977 1047 1158
1060 933 1022 1137
1061 2 807 1092
1062 889 979 1131
1063 1000 1018 1117
1064 980 1012 1119
1065 37 952 1125
1066 189 207 1150
1067 940 960 1128
1068 56 991 1148
1069 949 986 1161
1070 770 1008 1130
1071 217 1038 1162
1072 963 1041 1127
1073 971 987 1200
1074 223 969 1078
1075 268 509 1174
1076 848 962 1085
1077 169 180 1198
1078 468 1074 1099
1079 595 -1 -3
1080 65 431 1098
1081 559 974 1131
1082 50 832 1143
1083 924 1004 1084
1084 1011 1083 1136
1085 216 1076 1162
1086 447 873 1132
1087 877 1028 1152
1088 864 942 1204
1089 582 1054 1177
1090 985 992 1110
1091 583 880 1092
1092 1061 1091 1170
1093 1001 1048 1141
1094 948 1026 1156
1095 301 898 1179
1096 607 968 1121
1097 339 1032 1182
1098 1033 1080 1171
1099 912 1078 1126
1100 946 1040 1183
1101 705 903 1198
1102 118 1027 1181
1103 983 1042 1114
1104 938 955 1150
1105 990 1002 1146
1106 875 1053 1153
1107 361 585 1159
1108 885 998 1125
1109 79 1017 1133
1110 879 1090 1161
1111 132 1043 1158
1112 751 792 1113
1113 557 1112 1167
1114 1057 1103 1169
1115 882 1024 1148
1116 184 861 1209
1117 1046 1063 1155
1118 414 1020 1181
1119 1007 1064 1176
1120 581 1015 1168
1121 321 1096 1168
1122 843 965 1154
1123 925 1058 1147
1124 957 1023 1180
1125 1065 1108 1188
1126 1016 1099 1203
1127 1055 1072 1164
1128 547 1067 1172
1129 36 325 1174
1130 12 1070 1135
1131 1062 1081 1190
1132 1036 1086 1184
1133 418 1109 1154
1134 859 1025 1186
1135 993 1130 1195
1136 1030 1084 1146
1137 48 1060 1138
1138 1137 -1 -3
1139 89 1035 1166
1140 74 182 1187
1141 1006 1093 1147
1142 322 997 1167
1143 994 1082 1191
1144 183 190 1193
1145 283 975 1173
1146 1105 1136 1201
1147 1123 1141 1220
1148 1068 1115 1165
1149 1052 -1 -3
1150 1066 1104 1209
1151 319 958 1180
1152 1087 -1 -3
1153 34 1106 1212
1154 1122 1133 1177
1155 161 1117 1199
1156 951 1094 1197
1157 1021 1044 1210
1158 1059 1111 1214
1159 981 1107 1163
1160 1013 1029 1188
1161 1069 1110 1189
1162 1071 1085 1206
1163 1003 1159 1202
1164 1056 1127 1213
1165 1050 1148 1205
1166 345 1139 1185
1167 1113 1142 1215
1168 1120 1121 1224
1169 1014 1114 1214
1170 1031 1092 1197
1171 917 1098 1204
1172 433 1128 1179
1173 148 1145 1237
1174 1075 1129 1175
1175 510 1174 1228
1176 31 1119 1207
1177 1089 1154 1200
1178 448 -1 -3
1179 1095 1172 1191
1180 1124 1151 1215
1181 1102 1118 1182
1182 1097 1181 1208
1183 1037 1100 1187
1184 7 1132 1185
1185 1166 1184 1235
1186 890 1134 1203
1187 1140 1183 1221
1188 1125 1160 1194
1189 1051 1161 1220
1190 71 1131 1207
1191 1143 1179 1210
1192 260 1034 1205
1193 81 1144 1218
1194 314 1188 1223
1195 1039 1135 1213
1196 344 -1 -3
1197 1156 1170 1211
1198 1077 1101 1201
1199 995 1155 1211
1200 1073 1177 1222
1201 1146 1198 1216
1202 451 1163 1219
1203 1126 1186 1206
1204 1088 1171 1208
1205 1165 1192 1212
1206 1162 1203 1219
1207 1176 1190 1216
1208 1182 1204 1236
1209 1116 1150 1218
1210 1157 1191 1229
1211 1197 1199 1240
1212 1153 1205 1239
1213 1164 1195 1230
1214 1158 1169 1225
1215 1167 1180 1234
1216 1201 1207 1226
1217 39 609 1232
1218 1193 1209 1227
1219 1202 1206 1221
1220 1147 1189 1231
1221 1187 1219 1238
1222 1200 -1 -3
1223 1194 -1 -3
1224 1168 -1 -3
1225 1214 -1 -3
1226 1216 -1 -3
1227 1218 -1 -3
1228 1175 -1 -3
1229 1210 -1 -3
1230 1213 -1 -3
1231 1220 -1 -3
1232 1217 -1 -3
1233 40 -1 -3
1234 1215 -1 -3
1235 1185 -1 -3
1236 1208 -1 -3
1237 1173 -1 -3
1238 1221 -1 -3
1239 1212 -1 -3
1240 1211 -1 -3
1241 927 -1 -3
