## Clustering history of event 1
## history_index parent1 parent2 child
0 -2 -2 480
1 -2 -2 408
2 -2 -2 417
3 -2 -2 363
4 -2 -2 365
5 -2 -2 429
6 -2 -2 392
7 -2 -2 463
8 -2 -2 514
9 -2 -2 404
10 -2 -2 339
11 -2 -2 340
12 -2 -2 339
13 -2 -2 340
14 -2 -2 498
15 -2 -2 354
16 -2 -2 432
17 -2 -2 505
18 -2 -2 374
19 -2 -2 611
20 -2 -2 447
21 -2 -2 399
22 -2 -2 501
23 -2 -2 543
24 -2 -2 580
25 -2 -2 603
26 -2 -2 533
27 -2 -2 466
28 -2 -2 571
29 -2 -2 479
30 -2 -2 508
31 -2 -2 410
32 -2 -2 324
33 -2 -2 571
34 -2 -2 496
35 -2 -2 549
36 -2 -2 549
37 -2 -2 443
38 -2 -2 441
39 -2 -2 450
40 -2 -2 522
41 -2 -2 526
42 -2 -2 584
43 -2 -2 519
44 -2 -2 578
45 -2 -2 632
46 -2 -2 579
47 -2 -2 506
48 -2 -2 509
49 -2 -2 485
50 -2 -2 615
51 -2 -2 615
52 -2 -2 613
53 -2 -2 613
54 -2 -2 468
55 -2 -2 366
56 -2 -2 392
57 -2 -2 386
58 -2 -2 366
59 -2 -2 470
60 -2 -2 540
61 -2 -2 510
62 -2 -2 483
63 -2 -2 494
64 -2 -2 573
65 -2 -2 641
66 -2 -2 597
67 -2 -2 337
68 -2 -2 325
69 -2 -2 331
70 -2 -2 341
71 -2 -2 348
72 -2 -2 420
73 -2 -2 377
74 -2 -2 403
75 -2 -2 445
76 -2 -2 360
77 -2 -2 343
78 -2 -2 400
79 -2 -2 400
80 -2 -2 489
81 -2 -2 586
82 -2 -2 531
83 -2 -2 511
84 -2 -2 542
85 -2 -2 511
86 -2 -2 376
87 -2 -2 455
88 -2 -2 610
89 -2 -2 503
90 -2 -2 474
91 -2 -2 476
92 -2 -2 454
93 -2 -2 533
94 -2 -2 466
95 -2 -2 454
96 -2 -2 444
97 -2 -2 495
98 -2 -2 367
99 -2 -2 530
100 -2 -2 557
101 -2 -2 458
102 -2 -2 431
103 -2 -2 448
104 -2 -2 520
105 -2 -2 541
106 -2 -2 557
107 -2 -2 521
108 -2 -2 382
109 -2 -2 504
110 -2 -2 441
111 -2 -2 475
112 -2 -2 469
113 -2 -2 519
114 -2 -2 606
115 -2 -2 605
116 -2 -2 577
117 -2 -2 578
118 -2 -2 509
119 -2 -2 357
120 -2 -2 535
121 -2 -2 487
122 -2 -2 413
123 -2 -2 382
124 -2 -2 375
125 -2 -2 375
126 -2 -2 388
127 -2 -2 388
128 -2 -2 344
129 -2 -2 365
130 -2 -2 456
131 -2 -2 344
132 -2 -2 423
133 -2 -2 385
134 -2 -2 433
135 -2 -2 488
136 -2 -2 500
137 -2 -2 470
138 -2 -2 452
139 -2 -2 452
140 -2 -2 619
141 -2 -2 503
142 -2 -2 510
143 -2 -2 493
144 -2 -2 500
145 -2 -2 623
146 -2 -2 327
147 -2 -2 325
148 -2 -2 457
149 -2 -2 370
150 -2 -2 357
151 -2 -2 434
152 -2 -2 362
153 -2 -2 342
154 -2 -2 480
155 -2 -2 542
156 -2 -2 355
157 -2 -2 355
158 -2 -2 376
159 -2 -2 354
160 -2 -2 445
161 -2 -2 356
162 -2 -2 377
163 -2 -2 553
164 -2 -2 524
165 -2 -2 467
166 -2 -2 446
167 -2 -2 403
168 -2 -2 472
169 -2 -2 391
170 -2 -2 446
171 -2 -2 332
172 -2 -2 449
173 -2 -2 555
174 -2 -2 378
175 -2 -2 364
176 -2 -2 409
177 -2 -2 324
178 -2 -2 552
179 -2 -2 617
180 -2 -2 508
181 -2 -2 419
182 -2 -2 402
183 -2 -2 378
184 -2 -2 358
185 -2 -2 453
186 -2 -2 453
187 -2 -2 459
188 -2 -2 487
189 -2 -2 369
190 -2 -2 413
191 -2 -2 496
192 -2 -2 534
193 -2 -2 556
194 -2 -2 611
195 -2 -2 555
196 -2 -2 527
197 -2 -2 527
198 -2 -2 523
199 -2 -2 523
200 -2 -2 402
201 -2 -2 385
202 -2 -2 387
203 -2 -2 358
204 -2 -2 513
205 -2 -2 483
206 -2 -2 572
207 -2 -2 572
208 -2 -2 536
209 -2 -2 565
210 -2 -2 513
211 -2 -2 494
212 -2 -2 352
213 -2 -2 337
214 -2 -2 346
215 -2 -2 348
216 -2 -2 439
217 -2 -2 405
218 -2 -2 362
219 -2 -2 373
220 -2 -2 367
221 -2 -2 343
222 -2 -2 551
223 -2 -2 570
224 -2 -2 345
225 -2 -2 345
226 -2 -2 434
227 -2 -2 347
228 -2 -2 547
229 -2 -2 467
230 -2 -2 593
231 -2 -2 585
232 -2 -2 616
233 -2 -2 589
234 -2 -2 407
235 -2 -2 407
236 -2 -2 530
237 -2 -2 396
238 -2 -2 462
239 -2 -2 444
240 -2 -2 504
241 -2 -2 594
242 -2 -2 448
243 -2 -2 418
244 -2 -2 498
245 -2 -2 570
246 -2 -2 562
247 -2 -2 431
248 -2 -2 396
249 -2 -2 554
250 -2 -2 560
251 -2 -2 560
252 -2 -2 475
253 -2 -2 369
254 -2 -2 506
255 -2 -2 485
256 -2 -2 386
257 -2 -2 408
258 -2 -2 393
259 -2 -2 371
260 -2 -2 393
261 -2 -2 406
262 -2 -2 546
263 -2 -2 479
264 -2 -2 474
265 -2 -2 491
266 -2 -2 602
267 -2 -2 579
268 -2 -2 456
269 -2 -2 364
270 -2 -2 517
271 -2 -2 488
272 -2 -2 598
273 -2 -2 529
274 -2 -2 538
275 -2 -2 501
276 -2 -2 538
277 -2 -2 582
278 -2 -2 420
279 -2 -2 404
280 -2 -2 347
281 -2 -2 361
282 -2 -2 342
283 -2 -2 361
284 -2 -2 522
285 -2 -2 482
286 -2 -2 336
287 -2 -2 379
288 -2 -2 389
289 -2 -2 332
290 -2 -2 368
291 -2 -2 326
292 -2 -2 546
293 -2 -2 384
294 -2 -2 478
295 -2 -2 545
296 -2 -2 426
297 -2 -2 482
298 -2 -2 609
299 -2 -2 520
300 -2 -2 371
301 -2 -2 421
302 -2 -2 349
303 -2 -2 372
304 -2 -2 535
305 -2 -2 573
306 -2 -2 438
307 -2 -2 451
308 -2 -2 335
309 -2 -2 333
310 -2 -2 334
311 -2 -2 383
312 -2 -2 389
313 -2 -2 336
314 -2 -2 391
315 -2 -2 424
316 -2 -2 351
317 -2 -2 326
318 -2 -2 323
319 -2 -2 323
320 -2 -2 334
321 -2 -2 328
322 -2 -2 329
323 318 319 329
324 32 177 335
325 68 147 327
326 291 317 328
327 146 325 331
328 321 326 330
329 322 323 330
330 328 329 333
331 69 327 341
332 171 289 368
333 309 330 338
334 310 320 338
335 308 324 351
336 286 313 379
337 67 213 346
338 333 334 359
339 10 12 349
340 11 13 350
341 70 331 353
342 153 282 360
343 77 221 372
344 128 131 419
345 224 225 381
346 214 337 352
347 227 280 422
348 71 215 394
349 302 339 350
350 340 349 380
351 316 335 359
352 212 346 353
353 341 352 370
354 15 159 401
355 156 157 356
356 161 355 412
357 119 150 457
358 184 203 363
359 338 351 383
360 76 342 398
361 281 283 374
362 152 218 373
363 3 358 387
364 175 269 459
365 4 129 414
366 55 58 415
367 98 220 425
368 290 332 399
369 189 253 507
370 149 353 394
371 259 300 380
372 303 343 397
373 219 362 395
374 18 361 395
375 124 125 384
376 86 158 381
377 73 162 405
378 174 183 410
379 287 336 390
380 350 371 397
381 345 376 401
382 108 123 417
383 311 359 406
384 293 375 430
385 133 201 443
386 57 256 427
387 202 363 414
388 126 127 427
389 288 312 390
390 379 389 411
391 169 314 424
392 6 56 415
393 258 260 436
394 348 370 428
395 373 374 398
396 237 248 495
397 372 380 421
398 360 395 422
399 21 368 411
400 78 79 418
401 354 381 412
402 182 200 416
403 74 167 440
404 9 279 461
405 217 377 477
406 261 383 492
407 234 235 426
408 1 257 416
409 176 -1 -3
410 31 378 423
411 390 399 435
412 356 401 505
413 122 190 550
414 365 387 433
415 366 392 430
416 402 408 442
417 2 382 521
418 243 400 458
419 181 344 429
420 72 278 428
421 301 397 425
422 347 398 464
423 132 410 442
424 315 391 435
425 367 421 436
426 296 407 476
427 386 388 471
428 394 420 432
429 5 419 471
430 384 415 437
431 102 247 532
432 16 428 439
433 134 414 437
434 151 226 461
435 411 424 438
436 393 425 460
437 430 433 450
438 306 435 451
439 216 432 440
440 403 439 515
441 38 110 469
442 416 423 465
443 37 385 465
444 96 239 462
445 75 160 525
446 166 170 447
447 20 446 486
448 103 242 481
449 172 -1 -3
450 39 437 484
451 307 438 455
452 138 139 558
453 185 186 518
454 92 95 548
455 87 451 497
456 130 268 468
457 148 357 473
458 101 418 460
459 187 364 463
460 436 458 492
461 404 434 464
462 238 444 478
463 7 459 490
464 422 461 515
465 442 443 490
466 27 94 518
467 165 229 486
468 54 456 499
469 112 441 534
470 59 137 493
471 427 429 484
472 168 -1 -3
473 457 -1 -3
474 90 264 532
475 111 252 491
476 91 426 489
477 405 -1 -3
478 294 462 516
479 29 263 512
480 0 154 512
481 448 -1 -3
482 285 297 568
483 62 205 536
484 450 471 499
485 49 255 608
486 447 467 497
487 121 188 539
488 135 271 537
489 80 476 544
490 463 465 502
491 265 475 507
492 406 460 581
493 143 470 565
494 63 211 514
495 97 396 516
496 34 191 524
497 455 486 564
498 14 244 531
499 468 484 502
500 136 144 543
501 22 275 540
502 490 499 528
503 89 141 614
504 109 240 539
505 17 412 583
506 47 254 608
507 369 491 541
508 30 180 526
509 48 118 602
510 61 142 580
511 83 85 551
512 479 480 554
513 204 210 529
514 8 494 563
515 440 464 564
516 478 495 567
517 270 -1 -3
518 453 466 544
519 43 113 591
520 104 299 601
521 107 417 528
522 40 284 576
523 198 199 577
524 164 496 553
525 445 -1 -3
526 41 508 550
527 196 197 584
528 502 521 537
529 273 513 563
530 99 236 561
531 82 498 559
532 431 474 561
533 26 93 552
534 192 469 569
535 120 304 598
536 208 483 558
537 488 528 592
538 274 276 582
539 487 504 566
540 60 501 596
541 105 507 569
542 84 155 545
543 23 500 574
544 489 518 562
545 295 542 607
546 262 292 594
547 228 -1 -3
548 454 -1 -3
549 35 36 609
550 413 526 600
551 222 511 590
552 178 533 595
553 163 524 603
554 249 512 604
555 173 195 590
556 193 -1 -3
557 100 106 593
558 452 536 588
559 531 -1 -3
560 250 251 585
561 530 532 567
562 246 544 575
563 514 529 620
564 497 515 583
565 209 493 599
566 539 -1 -3
567 516 561 575
568 482 -1 -3
569 534 541 592
570 223 245 586
571 28 33 589
572 206 207 574
573 64 305 597
574 543 572 599
575 562 567 604
576 522 -1 -3
577 116 523 612
578 44 117 591
579 46 267 605
580 24 510 588
581 492 -1 -3
582 277 538 596
583 505 564 587
584 42 527 622
585 231 560 642
586 81 570 631
587 583 -1 -3
588 558 580 614
589 233 571 617
590 551 555 606
591 519 578 625
592 537 569 645
593 230 557 601
594 241 546 595
595 552 594 618
596 540 582 620
597 66 573 623
598 272 535 610
599 565 574 621
600 550 -1 -3
601 520 593 635
602 266 509 625
603 25 553 624
604 554 575 626
605 115 579 612
606 114 590 607
607 545 606 643
608 485 506 628
609 298 549 640
610 88 598 639
611 19 194 629
612 577 605 622
613 52 53 634
614 503 588 621
615 50 51 637
616 232 -1 -3
617 179 589 618
618 595 617 626
619 140 -1 -3
620 563 596 638
621 599 614 630
622 584 612 644
623 145 597 636
624 603 -1 -3
625 591 602 633
626 604 618 627
627 626 -1 -3
628 608 -1 -3
629 611 -1 -3
630 621 -1 -3
631 586 -1 -3
632 45 -1 -3
633 625 -1 -3
634 613 -1 -3
635 601 -1 -3
636 623 -1 -3
637 615 -1 -3
638 620 -1 -3
639 610 -1 -3
640 609 -1 -3
641 65 -1 -3
642 585 -1 -3
643 607 -1 -3
644 622 -1 -3
645 592 -1 -3
