## Clustering history of event 5
## history_index parent1 parent2 child
0 -2 -2 887
1 -2 -2 987
2 -2 -2 861
3 -2 -2 1041
4 -2 -2 1558
5 -2 -2 950
6 -2 -2 1355
7 -2 -2 950
8 -2 -2 1102
9 -2 -2 1390
10 -2 -2 1089
11 -2 -2 1129
12 -2 -2 1523
13 -2 -2 1344
14 -2 -2 1145
15 -2 -2 1381
16 -2 -2 1191
17 -2 -2 870
18 -2 -2 1387
19 -2 -2 1106
20 -2 -2 996
21 -2 -2 1353
22 -2 -2 932
23 -2 -2 979
24 -2 -2 1021
25 -2 -2 860
26 -2 -2 1320
27 -2 -2 1073
28 -2 -2 966
29 -2 -2 1097
30 -2 -2 1144
31 -2 -2 857
32 -2 -2 1170
33 -2 -2 835
34 -2 -2 876
35 -2 -2 840
36 -2 -2 840
37 -2 -2 815
38 -2 -2 880
39 -2 -2 839
40 -2 -2 930
41 -2 -2 1266
42 -2 -2 1179
43 -2 -2 861
44 -2 -2 907
45 -2 -2 886
46 -2 -2 1124
47 -2 -2 941
48 -2 -2 854
49 -2 -2 808
50 -2 -2 816
51 -2 -2 786
52 -2 -2 785
53 -2 -2 854
54 -2 -2 855
55 -2 -2 818
56 -2 -2 1007
57 -2 -2 994
58 -2 -2 824
59 -2 -2 828
60 -2 -2 803
61 -2 -2 1149
62 -2 -2 928
63 -2 -2 1258
64 -2 -2 1235
65 -2 -2 1394
66 -2 -2 1250
67 -2 -2 1301
68 -2 -2 1235
69 -2 -2 1377
70 -2 -2 1323
71 -2 -2 1214
72 -2 -2 1153
73 -2 -2 1153
74 -2 -2 1043
75 -2 -2 1163
76 -2 -2 1128
77 -2 -2 1051
78 -2 -2 1078
79 -2 -2 1125
80 -2 -2 1198
81 -2 -2 1060
82 -2 -2 1158
83 -2 -2 846
84 -2 -2 831
85 -2 -2 1159
86 -2 -2 1238
87 -2 -2 946
88 -2 -2 1088
89 -2 -2 1018
90 -2 -2 1163
91 -2 -2 1457
92 -2 -2 1214
93 -2 -2 973
94 -2 -2 1139
95 -2 -2 1058
96 -2 -2 1294
97 -2 -2 1431
98 -2 -2 1368
99 -2 -2 1236
100 -2 -2 1371
101 -2 -2 1175
102 -2 -2 1162
103 -2 -2 1060
104 -2 -2 1276
105 -2 -2 1151
106 -2 -2 1002
107 -2 -2 1003
108 -2 -2 1165
109 -2 -2 1042
110 -2 -2 1231
111 -2 -2 1261
112 -2 -2 1130
113 -2 -2 1161
114 -2 -2 989
115 -2 -2 1374
116 -2 -2 1252
117 -2 -2 990
118 -2 -2 1070
119 -2 -2 1029
120 -2 -2 1029
121 -2 -2 974
122 -2 -2 1077
123 -2 -2 1170
124 -2 -2 1092
125 -2 -2 1271
126 -2 -2 1084
127 -2 -2 1077
128 -2 -2 1389
129 -2 -2 938
130 -2 -2 1085
131 -2 -2 1057
132 -2 -2 1244
133 -2 -2 1036
134 -2 -2 904
135 -2 -2 1353
136 -2 -2 1107
137 -2 -2 1001
138 -2 -2 1177
139 -2 -2 812
140 -2 -2 798
141 -2 -2 792
142 -2 -2 792
143 -2 -2 841
144 -2 -2 813
145 -2 -2 899
146 -2 -2 915
147 -2 -2 934
148 -2 -2 952
149 -2 -2 888
150 -2 -2 991
151 -2 -2 1223
152 -2 -2 867
153 -2 -2 1135
154 -2 -2 1265
155 -2 -2 900
156 -2 -2 931
157 -2 -2 1006
158 -2 -2 1317
159 -2 -2 1062
160 -2 -2 904
161 -2 -2 846
162 -2 -2 1197
163 -2 -2 1280
164 -2 -2 1178
165 -2 -2 954
166 -2 -2 1279
167 -2 -2 947
168 -2 -2 1030
169 -2 -2 894
170 -2 -2 1156
171 -2 -2 1278
172 -2 -2 1112
173 -2 -2 1178
174 -2 -2 1045
175 -2 -2 1220
176 -2 -2 900
177 -2 -2 967
178 -2 -2 1166
179 -2 -2 1139
180 -2 -2 1091
181 -2 -2 918
182 -2 -2 1201
183 -2 -2 990
184 -2 -2 1128
185 -2 -2 1147
186 -2 -2 944
187 -2 -2 952
188 -2 -2 1074
189 -2 -2 1210
190 -2 -2 1121
191 -2 -2 1158
192 -2 -2 909
193 -2 -2 929
194 -2 -2 1083
195 -2 -2 966
196 -2 -2 1068
197 -2 -2 1011
198 -2 -2 896
199 -2 -2 977
200 -2 -2 1207
201 -2 -2 1096
202 -2 -2 810
203 -2 -2 835
204 -2 -2 875
205 -2 -2 1026
206 -2 -2 793
207 -2 -2 943
208 -2 -2 906
209 -2 -2 933
210 -2 -2 847
211 -2 -2 830
212 -2 -2 830
213 -2 -2 879
214 -2 -2 893
215 -2 -2 937
216 -2 -2 893
217 -2 -2 794
218 -2 -2 785
219 -2 -2 786
220 -2 -2 818
221 -2 -2 863
222 -2 -2 965
223 -2 -2 809
224 -2 -2 848
225 -2 -2 845
226 -2 -2 803
227 -2 -2 1134
228 -2 -2 823
229 -2 -2 1061
230 -2 -2 1342
231 -2 -2 1055
232 -2 -2 872
233 -2 -2 1234
234 -2 -2 1314
235 -2 -2 1122
236 -2 -2 1217
237 -2 -2 1260
238 -2 -2 1288
239 -2 -2 1233
240 -2 -2 1362
241 -2 -2 976
242 -2 -2 1023
243 -2 -2 1208
244 -2 -2 1027
245 -2 -2 1216
246 -2 -2 1079
247 -2 -2 1056
248 -2 -2 1271
249 -2 -2 1338
250 -2 -2 1125
251 -2 -2 1106
252 -2 -2 1118
253 -2 -2 1069
254 -2 -2 959
255 -2 -2 1133
256 -2 -2 1287
257 -2 -2 924
258 -2 -2 1387
259 -2 -2 1215
260 -2 -2 1294
261 -2 -2 1033
262 -2 -2 1313
263 -2 -2 977
264 -2 -2 1136
265 -2 -2 1120
266 -2 -2 1051
267 -2 -2 1075
268 -2 -2 1251
269 -2 -2 1006
270 -2 -2 1088
271 -2 -2 1013
272 -2 -2 1154
273 -2 -2 1341
274 -2 -2 1537
275 -2 -2 1519
276 -2 -2 1092
277 -2 -2 1306
278 -2 -2 1198
279 -2 -2 1385
280 -2 -2 1293
281 -2 -2 1146
282 -2 -2 1318
283 -2 -2 1312
284 -2 -2 1355
285 -2 -2 1083
286 -2 -2 1201
287 -2 -2 1371
288 -2 -2 1306
289 -2 -2 823
290 -2 -2 1243
291 -2 -2 1104
292 -2 -2 1052
293 -2 -2 912
294 -2 -2 1048
295 -2 -2 866
296 -2 -2 908
297 -2 -2 865
298 -2 -2 837
299 -2 -2 883
300 -2 -2 1038
301 -2 -2 962
302 -2 -2 951
303 -2 -2 874
304 -2 -2 885
305 -2 -2 889
306 -2 -2 806
307 -2 -2 894
308 -2 -2 1309
309 -2 -2 1028
310 -2 -2 1327
311 -2 -2 857
312 -2 -2 1229
313 -2 -2 1197
314 -2 -2 1050
315 -2 -2 925
316 -2 -2 920
317 -2 -2 1310
318 -2 -2 1261
319 -2 -2 1143
320 -2 -2 890
321 -2 -2 867
322 -2 -2 1150
323 -2 -2 1277
324 -2 -2 1185
325 -2 -2 1140
326 -2 -2 1290
327 -2 -2 1200
328 -2 -2 1285
329 -2 -2 895
330 -2 -2 1344
331 -2 -2 1436
332 -2 -2 1041
333 -2 -2 1122
334 -2 -2 1070
335 -2 -2 1137
336 -2 -2 997
337 -2 -2 997
338 -2 -2 884
339 -2 -2 1008
340 -2 -2 1144
341 -2 -2 1257
342 -2 -2 787
343 -2 -2 795
344 -2 -2 781
345 -2 -2 788
346 -2 -2 789
347 -2 -2 789
348 -2 -2 799
349 -2 -2 838
350 -2 -2 838
351 -2 -2 1179
352 -2 -2 941
353 -2 -2 920
354 -2 -2 1016
355 -2 -2 1090
356 -2 -2 1372
357 -2 -2 847
358 -2 -2 1035
359 -2 -2 897
360 -2 -2 870
361 -2 -2 1227
362 -2 -2 892
363 -2 -2 903
364 -2 -2 879
365 -2 -2 836
366 -2 -2 783
367 -2 -2 903
368 -2 -2 850
369 -2 -2 862
370 -2 -2 836
371 -2 -2 1035
372 -2 -2 913
373 -2 -2 877
374 -2 -2 855
375 -2 -2 863
376 -2 -2 828
377 -2 -2 848
378 -2 -2 790
379 -2 -2 784
380 -2 -2 800
381 -2 -2 784
382 -2 -2 800
383 -2 -2 802
384 -2 -2 1095
385 -2 -2 1151
386 -2 -2 1017
387 -2 -2 1017
388 -2 -2 1377
389 -2 -2 1059
390 -2 -2 1350
391 -2 -2 1431
392 -2 -2 1157
393 -2 -2 918
394 -2 -2 1260
395 -2 -2 1281
396 -2 -2 1281
397 -2 -2 1044
398 -2 -2 1071
399 -2 -2 995
400 -2 -2 1213
401 -2 -2 1086
402 -2 -2 960
403 -2 -2 1086
404 -2 -2 1044
405 -2 -2 1019
406 -2 -2 872
407 -2 -2 1323
408 -2 -2 1093
409 -2 -2 1149
410 -2 -2 1152
411 -2 -2 926
412 -2 -2 1345
413 -2 -2 890
414 -2 -2 1047
415 -2 -2 1208
416 -2 -2 1033
417 -2 -2 1539
418 -2 -2 1482
419 -2 -2 1245
420 -2 -2 1383
421 -2 -2 897
422 -2 -2 1054
423 -2 -2 1262
424 -2 -2 1295
425 -2 -2 1145
426 -2 -2 895
427 -2 -2 1338
428 -2 -2 1330
429 -2 -2 1142
430 -2 -2 1407
431 -2 -2 968
432 -2 -2 1393
433 -2 -2 1262
434 -2 -2 1075
435 -2 -2 1291
436 -2 -2 911
437 -2 -2 1052
438 -2 -2 1167
439 -2 -2 1061
440 -2 -2 942
441 -2 -2 964
442 -2 -2 1242
443 -2 -2 1005
444 -2 -2 1110
445 -2 -2 988
446 -2 -2 1022
447 -2 -2 972
448 -2 -2 1182
449 -2 -2 1412
450 -2 -2 1037
451 -2 -2 1037
452 -2 -2 1190
453 -2 -2 999
454 -2 -2 1316
455 -2 -2 1031
456 -2 -2 1082
457 -2 -2 1036
458 -2 -2 1031
459 -2 -2 1123
460 -2 -2 1109
461 -2 -2 1253
462 -2 -2 1172
463 -2 -2 1162
464 -2 -2 924
465 -2 -2 866
466 -2 -2 798
467 -2 -2 804
468 -2 -2 891
469 -2 -2 901
470 -2 -2 947
471 -2 -2 996
472 -2 -2 1339
473 -2 -2 987
474 -2 -2 1181
475 -2 -2 925
476 -2 -2 1131
477 -2 -2 869
478 -2 -2 1274
479 -2 -2 1000
480 -2 -2 919
481 -2 -2 1414
482 -2 -2 1097
483 -2 -2 1101
484 -2 -2 1207
485 -2 -2 971
486 -2 -2 979
487 -2 -2 1084
488 -2 -2 1191
489 -2 -2 1047
490 -2 -2 1420
491 -2 -2 1138
492 -2 -2 1343
493 -2 -2 1236
494 -2 -2 1138
495 -2 -2 1196
496 -2 -2 1224
497 -2 -2 1218
498 -2 -2 1147
499 -2 -2 1124
500 -2 -2 1247
501 -2 -2 1063
502 -2 -2 860
503 -2 -2 1025
504 -2 -2 1104
505 -2 -2 921
506 -2 -2 938
507 -2 -2 1328
508 -2 -2 1245
509 -2 -2 1183
510 -2 -2 892
511 -2 -2 929
512 -2 -2 1456
513 -2 -2 1010
514 -2 -2 1105
515 -2 -2 1176
516 -2 -2 1063
517 -2 -2 898
518 -2 -2 1227
519 -2 -2 1237
520 -2 -2 1279
521 -2 -2 1340
522 -2 -2 953
523 -2 -2 1099
524 -2 -2 1313
525 -2 -2 1096
526 -2 -2 859
527 -2 -2 884
528 -2 -2 1045
529 -2 -2 923
530 -2 -2 811
531 -2 -2 801
532 -2 -2 910
533 -2 -2 821
534 -2 -2 1264
535 -2 -2 906
536 -2 -2 843
537 -2 -2 807
538 -2 -2 1174
539 -2 -2 984
540 -2 -2 1064
541 -2 -2 887
542 -2 -2 806
543 -2 -2 852
544 -2 -2 822
545 -2 -2 791
546 -2 -2 1335
547 -2 -2 1154
548 -2 -2 1364
549 -2 -2 1445
550 -2 -2 1183
551 -2 -2 851
552 -2 -2 851
553 -2 -2 1518
554 -2 -2 1395
555 -2 -2 919
556 -2 -2 1185
557 -2 -2 1065
558 -2 -2 1295
559 -2 -2 1368
560 -2 -2 1305
561 -2 -2 1200
562 -2 -2 1023
563 -2 -2 1202
564 -2 -2 975
565 -2 -2 1234
566 -2 -2 1347
567 -2 -2 1272
568 -2 -2 1002
569 -2 -2 1232
570 -2 -2 1024
571 -2 -2 1030
572 -2 -2 1225
573 -2 -2 1356
574 -2 -2 1225
575 -2 -2 1360
576 -2 -2 1143
577 -2 -2 973
578 -2 -2 1381
579 -2 -2 905
580 -2 -2 921
581 -2 -2 1269
582 -2 -2 1382
583 -2 -2 1142
584 -2 -2 1322
585 -2 -2 1111
586 -2 -2 1111
587 -2 -2 1335
588 -2 -2 1003
589 -2 -2 1116
590 -2 -2 1022
591 -2 -2 1010
592 -2 -2 958
593 -2 -2 1424
594 -2 -2 1268
595 -2 -2 1055
596 -2 -2 1349
597 -2 -2 1268
598 -2 -2 1298
599 -2 -2 1112
600 -2 -2 1012
601 -2 -2 1110
602 -2 -2 1361
603 -2 -2 1024
604 -2 -2 1123
605 -2 -2 831
606 -2 -2 1238
607 -2 -2 1085
608 -2 -2 891
609 -2 -2 901
610 -2 -2 957
611 -2 -2 914
612 -2 -2 972
613 -2 -2 791
614 -2 -2 889
615 -2 -2 1107
616 -2 -2 1160
617 -2 -2 928
618 -2 -2 905
619 -2 -2 942
620 -2 -2 1066
621 -2 -2 1212
622 -2 -2 1203
623 -2 -2 1287
624 -2 -2 1441
625 -2 -2 984
626 -2 -2 993
627 -2 -2 1016
628 -2 -2 1350
629 -2 -2 1155
630 -2 -2 1180
631 -2 -2 932
632 -2 -2 1169
633 -2 -2 970
634 -2 -2 971
635 -2 -2 896
636 -2 -2 1176
637 -2 -2 953
638 -2 -2 1222
639 -2 -2 1251
640 -2 -2 1428
641 -2 -2 991
642 -2 -2 829
643 -2 -2 829
644 -2 -2 793
645 -2 -2 796
646 -2 -2 787
647 -2 -2 815
648 -2 -2 808
649 -2 -2 1004
650 -2 -2 1004
651 -2 -2 992
652 -2 -2 1230
653 -2 -2 1018
654 -2 -2 1405
655 -2 -2 1076
656 -2 -2 783
657 -2 -2 797
658 -2 -2 862
659 -2 -2 832
660 -2 -2 801
661 -2 -2 833
662 -2 -2 962
663 -2 -2 1049
664 -2 -2 1094
665 -2 -2 931
666 -2 -2 1020
667 -2 -2 1255
668 -2 -2 968
669 -2 -2 1342
670 -2 -2 1259
671 -2 -2 1347
672 -2 -2 1258
673 -2 -2 1330
674 -2 -2 1205
675 -2 -2 1255
676 -2 -2 1059
677 -2 -2 1265
678 -2 -2 1518
679 -2 -2 1217
680 -2 -2 1482
681 -2 -2 1065
682 -2 -2 1028
683 -2 -2 1032
684 -2 -2 1129
685 -2 -2 1091
686 -2 -2 1140
687 -2 -2 1043
688 -2 -2 922
689 -2 -2 1046
690 -2 -2 960
691 -2 -2 1215
692 -2 -2 1027
693 -2 -2 944
694 -2 -2 1476
695 -2 -2 1079
696 -2 -2 1093
697 -2 -2 983
698 -2 -2 1174
699 -2 -2 922
700 -2 -2 1032
701 -2 -2 993
702 -2 -2 959
703 -2 -2 1324
704 -2 -2 1068
705 -2 -2 926
706 -2 -2 1121
707 -2 -2 1283
708 -2 -2 1476
709 -2 -2 1205
710 -2 -2 1216
711 -2 -2 1341
712 -2 -2 1161
713 -2 -2 1199
714 -2 -2 1259
715 -2 -2 1056
716 -2 -2 1190
717 -2 -2 958
718 -2 -2 967
719 -2 -2 1042
720 -2 -2 1228
721 -2 -2 911
722 -2 -2 1211
723 -2 -2 998
724 -2 -2 917
725 -2 -2 1082
726 -2 -2 1115
727 -2 -2 1109
728 -2 -2 888
729 -2 -2 883
730 -2 -2 902
731 -2 -2 1119
732 -2 -2 1209
733 -2 -2 1206
734 -2 -2 874
735 -2 -2 983
736 -2 -2 1280
737 -2 -2 1360
738 -2 -2 1152
739 -2 -2 859
740 -2 -2 981
741 -2 -2 1008
742 -2 -2 1204
743 -2 -2 1078
744 -2 -2 976
745 -2 -2 1113
746 -2 -2 1465
747 -2 -2 954
748 -2 -2 1127
749 -2 -2 1001
750 -2 -2 912
751 -2 -2 986
752 -2 -2 1133
753 -2 -2 1204
754 -2 -2 909
755 -2 -2 1369
756 -2 -2 1062
757 -2 -2 917
758 -2 -2 1014
759 -2 -2 781
760 -2 -2 982
761 -2 -2 1395
762 -2 -2 1126
763 -2 -2 1146
764 -2 -2 1013
765 -2 -2 914
766 -2 -2 1126
767 -2 -2 878
768 -2 -2 834
769 -2 -2 869
770 -2 -2 799
771 -2 -2 923
772 -2 -2 1103
773 -2 -2 916
774 -2 -2 834
775 -2 -2 856
776 -2 -2 875
777 -2 -2 826
778 -2 -2 782
779 -2 -2 1054
780 -2 -2 948
781 344 759 782
782 778 781 805
783 366 656 797
784 379 381 790
785 52 218 794
786 51 219 816
787 342 646 788
788 345 787 805
789 346 347 795
790 378 784 802
791 545 613 825
792 141 142 812
793 206 644 842
794 217 785 807
795 343 789 796
796 645 795 819
797 657 783 853
798 140 466 804
799 348 770 810
800 380 382 809
801 531 660 811
802 383 790 814
803 60 226 820
804 467 798 837
805 782 788 819
806 306 542 822
807 537 794 817
808 49 648 821
809 223 800 814
810 202 799 826
811 530 801 832
812 139 792 813
813 144 812 841
814 802 809 820
815 37 647 842
816 50 786 817
817 807 816 843
818 55 220 955
819 796 805 827
820 803 814 824
821 533 808 945
822 544 806 825
823 228 289 878
824 58 820 844
825 791 822 844
826 777 810 827
827 819 826 849
828 59 376 845
829 642 643 858
830 211 212 864
831 84 605 915
832 659 811 833
833 661 832 850
834 768 774 885
835 33 203 956
836 365 370 853
837 298 804 865
838 349 350 839
839 39 838 858
840 35 36 856
841 143 813 873
842 793 815 849
843 536 817 881
844 824 825 852
845 225 828 871
846 83 161 970
847 210 357 886
848 224 377 940
849 827 842 876
850 368 833 868
851 551 552 1150
852 543 844 871
853 797 836 864
854 48 53 881
855 54 374 927
856 775 840 880
857 31 311 1025
858 829 839 933
859 526 739 1014
860 25 502 898
861 2 43 961
862 369 658 910
863 221 375 877
864 830 853 868
865 297 837 873
866 295 465 908
867 152 321 902
868 850 864 935
869 477 769 951
870 17 360 1264
871 845 852 940
872 232 406 1538
873 841 865 899
874 303 734 916
875 204 776 907
876 34 849 882
877 373 863 927
878 767 823 988
879 213 364 935
880 38 856 882
881 843 854 1067
882 876 880 949
883 299 729 939
884 338 527 981
885 304 834 948
886 45 847 1098
887 0 541 1034
888 149 728 957
889 305 614 978
890 320 413 1223
891 468 608 934
892 362 510 961
893 214 216 945
894 169 307 1286
895 329 426 1415
896 198 635 989
897 359 421 1103
898 517 860 1095
899 145 873 939
900 155 176 1194
901 469 609 1074
902 730 867 1135
903 363 367 913
904 134 160 1114
905 579 618 1050
906 208 535 930
907 44 875 949
908 296 866 969
909 192 754 946
910 532 862 937
911 436 721 964
912 293 750 1184
913 372 903 936
914 611 765 998
915 146 831 963
916 773 874 1108
917 724 757 974
918 181 393 982
919 480 555 1058
920 316 353 1038
921 505 580 986
922 688 699 1071
923 529 771 1081
924 257 464 969
925 315 475 1284
926 411 705 1073
927 855 877 955
928 62 617 1087
929 193 511 1296
930 40 906 1072
931 156 665 1203
932 22 631 1134
933 209 858 943
934 147 891 985
935 868 879 936
936 913 935 980
937 215 910 980
938 129 506 999
939 883 899 1009
940 848 871 978
941 47 352 1195
942 440 619 1066
943 207 933 1026
944 186 693 1019
945 821 893 1067
946 87 909 1192
947 167 470 1118
948 780 885 1015
949 882 907 956
950 5 7 1053
951 302 869 1000
952 148 187 963
953 522 637 1011
954 165 747 1246
955 818 927 1007
956 835 949 1039
957 610 888 985
958 592 717 1164
959 254 702 1247
960 402 690 975
961 861 892 1012
962 301 662 965
963 915 952 1080
964 441 911 1242
965 222 962 1187
966 28 195 1340
967 177 718 1005
968 431 668 1307
969 908 924 1009
970 633 846 1069
971 485 634 1172
972 447 612 1087
973 93 577 1420
974 121 917 1348
975 564 960 995
976 241 744 1046
977 199 263 1166
978 889 940 1034
979 23 486 1180
980 936 937 1081
981 740 884 1040
982 760 918 1157
983 697 735 1102
984 539 625 1137
985 934 957 1021
986 751 921 1494
987 1 473 1064
988 445 878 1116
989 114 896 1194
990 117 183 1418
991 150 641 1181
992 651 -1 -3
993 626 701 1156
994 57 -1 -3
995 399 975 1141
996 20 471 1105
997 336 337 1020
998 723 914 1199
999 453 938 1189
1000 479 951 1015
1001 137 749 1048
1002 106 568 1231
1003 107 588 1412
1004 649 650 1367
1005 443 967 1148
1006 157 269 1171
1007 56 955 1049
1008 339 741 1040
1009 939 969 1080
1010 513 591 1164
1011 197 953 1076
1012 600 961 1289
1013 271 764 1148
1014 758 859 1188
1015 948 1000 1108
1016 354 627 1273
1017 386 387 1130
1018 89 653 1159
1019 405 944 1089
1020 666 997 1094
1021 24 985 1132
1022 446 590 1167
1023 242 562 1202
1024 570 603 1057
1025 503 857 1229
1026 205 943 1039
1027 244 692 1363
1028 309 682 1168
1029 119 120 1370
1030 168 571 1195
1031 455 458 1299
1032 683 700 1391
1033 261 416 1436
1034 887 978 1346
1035 358 371 1090
1036 133 457 1114
1037 450 451 1243
1038 300 920 1173
1039 956 1026 1098
1040 981 1008 1053
1041 3 332 1314
1042 109 719 1182
1043 74 687 1285
1044 397 404 1226
1045 174 528 1289
1046 689 976 1401
1047 414 489 1218
1048 294 1001 1160
1049 663 1007 1187
1050 314 905 1311
1051 77 266 1256
1052 292 437 1189
1053 950 1040 1188
1054 422 779 1173
1055 231 595 1250
1056 247 715 1318
1057 131 1024 1210
1058 95 919 1155
1059 389 676 1433
1060 81 103 1100
1061 229 439 1120
1062 159 756 1192
1063 501 516 1115
1064 540 987 1193
1065 557 681 1527
1066 620 942 1297
1067 881 945 1072
1068 196 704 1317
1069 253 970 1212
1070 118 334 1100
1071 398 922 1141
1072 930 1067 1239
1073 27 926 1237
1074 188 901 1246
1075 267 434 1489
1076 655 1011 1101
1077 122 127 1333
1078 78 743 1196
1079 246 695 1322
1080 963 1009 1132
1081 923 980 1239
1082 456 725 1228
1083 194 285 1099
1084 126 487 1402
1085 130 607 1117
1086 401 403 1256
1087 928 972 1219
1088 88 270 1127
1089 10 1019 1113
1090 355 1035 1354
1091 180 685 1378
1092 124 276 1275
1093 408 696 1117
1094 664 1020 1171
1095 384 898 1249
1096 201 525 1136
1097 29 482 1337
1098 886 1039 1270
1099 523 1083 1266
1100 1060 1070 1211
1101 483 1076 1282
1102 8 983 1376
1103 772 897 1186
1104 291 504 1241
1105 514 996 1169
1106 19 251 1304
1107 136 615 1184
1108 916 1015 1303
1109 460 727 1299
1110 444 601 1165
1111 585 586 1393
1112 172 599 1254
1113 745 1089 1213
1114 904 1036 1410
1115 726 1063 1220
1116 589 988 1333
1117 1085 1093 1253
1118 252 947 1175
1119 731 -1 -3
1120 265 1061 1275
1121 190 706 1267
1122 235 333 1447
1123 459 604 1310
1124 46 499 1282
1125 79 250 1272
1126 762 766 1291
1127 748 1088 1413
1128 76 184 1465
1129 11 684 1168
1130 112 1017 1276
1131 476 -1 -3
1132 1021 1080 1177
1133 255 752 1219
1134 227 932 1319
1135 153 902 1284
1136 264 1096 1221
1137 335 984 1248
1138 491 494 1454
1139 94 179 1439
1140 325 686 1327
1141 995 1071 1362
1142 429 583 1406
1143 319 576 1303
1144 30 340 1311
1145 14 425 1288
1146 281 763 1396
1147 185 498 1300
1148 1005 1013 1326
1149 61 409 1332
1150 322 851 1375
1151 105 385 1307
1152 410 738 1224
1153 72 73 1325
1154 272 547 1450
1155 629 1058 1302
1156 170 993 1273
1157 392 982 1425
1158 82 191 1392
1159 85 1018 1277
1160 616 1048 1336
1161 113 712 1398
1162 102 463 1206
1163 75 90 1379
1164 958 1010 1397
1165 108 1110 1329
1166 178 977 1221
1167 438 1022 1232
1168 1028 1129 1388
1169 632 1105 1320
1170 32 123 1263
1171 1006 1094 1365
1172 462 971 1315
1173 1038 1054 1343
1174 538 698 1286
1175 101 1118 1222
1176 515 636 1502
1177 138 1132 1490
1178 164 173 1254
1179 42 351 1367
1180 630 979 1267
1181 474 991 1240
1182 448 1042 1328
1183 509 550 1252
1184 912 1107 1315
1185 324 556 1233
1186 1103 -1 -3
1187 965 1049 1346
1188 1014 1053 1263
1189 999 1052 1357
1190 452 716 1352
1191 16 488 1345
1192 946 1062 1324
1193 1064 -1 -3
1194 900 989 1319
1195 941 1030 1430
1196 495 1078 1331
1197 162 313 1435
1198 80 278 1370
1199 713 998 1241
1200 327 561 1438
1201 182 286 1391
1202 563 1023 1409
1203 622 931 1249
1204 742 753 1297
1205 674 709 1312
1206 733 1162 1240
1207 200 484 1257
1208 243 415 1479
1209 732 -1 -3
1210 189 1057 1321
1211 722 1100 1304
1212 621 1069 1358
1213 400 1113 1226
1214 71 92 1414
1215 259 691 1300
1216 245 710 1366
1217 236 679 1325
1218 497 1047 1432
1219 1087 1133 1309
1220 175 1115 1292
1221 1136 1166 1384
1222 638 1175 1351
1223 151 890 1379
1224 496 1152 1430
1225 572 574 1308
1226 1044 1213 1331
1227 361 518 1296
1228 720 1082 1451
1229 312 1025 1359
1230 652 -1 -3
1231 110 1002 1406
1232 569 1167 1244
1233 239 1185 1302
1234 233 565 1349
1235 64 68 1364
1236 99 493 1278
1237 519 1073 1392
1238 86 606 1462
1239 1072 1081 1270
1240 1181 1206 1421
1241 1104 1199 1348
1242 442 964 1357
1243 290 1037 1329
1244 132 1232 1326
1245 419 508 1514
1246 954 1074 1373
1247 500 959 1292
1248 1137 -1 -3
1249 1095 1203 1426
1250 66 1055 1301
1251 268 639 1332
1252 116 1183 1375
1253 461 1117 1386
1254 1112 1178 1376
1255 667 675 1389
1256 1051 1086 1444
1257 341 1207 1359
1258 63 672 1486
1259 670 714 1385
1260 237 394 1415
1261 111 318 1452
1262 423 433 1305
1263 1170 1188 1365
1264 534 870 1356
1265 154 677 1458
1266 41 1099 1308
1267 1121 1180 1399
1268 594 597 1269
1269 581 1268 1298
1270 1098 1239 1443
1271 125 248 1400
1272 567 1125 1448
1273 1016 1156 1383
1274 478 -1 -3
1275 1092 1120 1441
1276 104 1130 1449
1277 323 1159 1439
1278 171 1236 1437
1279 166 520 1434
1280 163 736 1466
1281 395 396 1419
1282 1101 1124 1403
1283 707 -1 -3
1284 925 1135 1334
1285 328 1043 1290
1286 894 1174 1437
1287 256 623 1293
1288 238 1145 1505
1289 1012 1045 1483
1290 326 1285 1470
1291 435 1126 1352
1292 1220 1247 1468
1293 280 1287 1481
1294 96 260 1522
1295 424 558 1463
1296 929 1227 1337
1297 1066 1204 1408
1298 598 1269 1424
1299 1031 1109 1386
1300 1147 1215 1454
1301 67 1250 1417
1302 1155 1233 1455
1303 1108 1143 1464
1304 1106 1211 1358
1305 560 1262 1485
1306 277 288 1397
1307 968 1151 1480
1308 1225 1266 1422
1309 308 1219 1408
1310 317 1123 1321
1311 1050 1144 1492
1312 283 1205 1446
1313 262 524 1369
1314 234 1041 1447
1315 1172 1184 1316
1316 454 1315 1336
1317 158 1068 1399
1318 282 1056 1394
1319 1134 1194 1384
1320 26 1169 1351
1321 1210 1310 1410
1322 584 1079 1519
1323 70 407 1404
1324 703 1192 1435
1325 1153 1217 1458
1326 1148 1244 1396
1327 310 1140 1388
1328 507 1182 1400
1329 1165 1243 1402
1330 428 673 1366
1331 1196 1226 1401
1332 1149 1251 1434
1333 1077 1116 1361
1334 1284 -1 -3
1335 546 587 1433
1336 1160 1316 1380
1337 1097 1296 1483
1338 249 427 1429
1339 472 -1 -3
1340 521 966 1403
1341 273 711 1407
1342 230 669 1445
1343 492 1173 1440
1344 13 330 1378
1345 412 1191 1432
1346 1034 1187 1472
1347 566 671 1491
1348 974 1241 1451
1349 596 1234 1491
1350 390 628 1457
1351 1222 1320 1373
1352 1190 1291 1474
1353 21 135 1380
1354 1090 -1 -3
1355 6 284 1416
1356 573 1264 1475
1357 1189 1242 1423
1358 1212 1304 1531
1359 1229 1257 1411
1360 575 737 1466
1361 602 1333 1497
1362 240 1141 1363
1363 1027 1362 1409
1364 548 1235 1382
1365 1171 1263 1411
1366 1216 1330 1404
1367 1004 1179 1475
1368 98 559 1463
1369 755 1313 1390
1370 1029 1198 1398
1371 100 287 1418
1372 356 -1 -3
1373 1246 1351 1459
1374 115 -1 -3
1375 1150 1252 1427
1376 1102 1254 1440
1377 69 388 1448
1378 1091 1344 1461
1379 1163 1223 1464
1380 1336 1353 1462
1381 15 578 1438
1382 582 1364 1417
1383 420 1273 1427
1384 1221 1319 1426
1385 279 1259 1488
1386 1253 1299 1413
1387 18 258 1405
1388 1168 1327 1489
1389 128 1255 1423
1390 9 1369 1481
1391 1032 1201 1455
1392 1158 1237 1468
1393 432 1111 1453
1394 65 1318 1446
1395 554 761 1521
1396 1146 1326 1473
1397 1164 1306 1416
1398 1161 1370 1516
1399 1267 1317 1515
1400 1271 1328 1452
1401 1046 1331 1500
1402 1084 1329 1510
1403 1282 1340 1422
1404 1323 1366 1517
1405 654 1387 1477
1406 1142 1231 1513
1407 430 1341 1453
1408 1297 1309 1442
1409 1202 1363 1444
1410 1114 1321 1469
1411 1359 1365 1471
1412 449 1003 1429
1413 1127 1386 1469
1414 481 1214 1425
1415 895 1260 1419
1416 1355 1397 1484
1417 1301 1382 1460
1418 990 1371 1535
1419 1281 1415 1493
1420 490 973 1506
1421 1240 -1 -3
1422 1308 1403 1509
1423 1357 1389 1486
1424 593 1298 1487
1425 1157 1414 1503
1426 1249 1384 1471
1427 1375 1383 1526
1428 640 -1 -3
1429 1338 1412 1517
1430 1195 1224 1467
1431 97 391 1461
1432 1218 1345 1496
1433 1059 1335 1510
1434 1279 1332 1502
1435 1197 1324 1442
1436 331 1033 1470
1437 1278 1286 1501
1438 1200 1381 1506
1439 1139 1277 1478
1440 1343 1376 1477
1441 624 1275 1450
1442 1408 1435 1492
1443 1270 -1 -3
1444 1256 1409 1479
1445 549 1342 1460
1446 1312 1394 1504
1447 1122 1314 1498
1448 1272 1377 1449
1449 1276 1448 1512
1450 1154 1441 1488
1451 1228 1348 1473
1452 1261 1400 1532
1453 1393 1407 1480
1454 1138 1300 1496
1455 1302 1391 1499
1456 512 -1 -3
1457 91 1350 1523
1458 1265 1325 1493
1459 1373 -1 -3
1460 1417 1445 1513
1461 1378 1431 1498
1462 1238 1380 1490
1463 1295 1368 1499
1464 1303 1379 1472
1465 746 1128 1485
1466 1280 1360 1467
1467 1430 1466 1530
1468 1292 1392 1508
1469 1410 1413 1524
1470 1290 1436 1507
1471 1411 1426 1515
1472 1346 1464 1495
1473 1396 1451 1474
1474 1352 1473 1520
1475 1356 1367 1478
1476 694 708 1487
1477 1405 1440 1511
1478 1439 1475 1533
1479 1208 1444 1500
1480 1307 1453 1529
1481 1293 1390 1484
1482 418 680 1521
1483 1289 1337 1508
1484 1416 1481 1525
1485 1305 1465 1514
1486 1258 1423 1497
1487 1424 1476 1504
1488 1385 1450 1525
1489 1075 1388 1507
1490 1177 1462 1524
1491 1347 1349 1536
1492 1311 1442 1494
1493 1419 1458 1503
1494 986 1492 1531
1495 1472 -1 -3
1496 1432 1454 1528
1497 1361 1486 1516
1498 1447 1461 1522
1499 1455 1463 1505
1500 1401 1479 1501
1501 1437 1500 1552
1502 1176 1434 1509
1503 1425 1493 1542
1504 1446 1487 1532
1505 1288 1499 1548
1506 1420 1438 1526
1507 1470 1489 1551
1508 1468 1483 1511
1509 1422 1502 1530
1510 1402 1433 1512
1511 1477 1508 1560
1512 1449 1510 1553
1513 1406 1460 1536
1514 1245 1485 1528
1515 1399 1471 1557
1516 1398 1497 1520
1517 1404 1429 1529
1518 553 678 1534
1519 275 1322 1537
1520 1474 1516 1549
1521 1395 1482 1534
1522 1294 1498 1527
1523 12 1457 1550
1524 1469 1490 1541
1525 1484 1488 1556
1526 1427 1506 1533
1527 1065 1522 1535
1528 1496 1514 1546
1529 1480 1517 1561
1530 1467 1509 1545
1531 1358 1494 1543
1532 1452 1504 1544
1533 1478 1526 1547
1534 1518 1521 1540
1535 1418 1527 1559
1536 1491 1513 1554
1537 274 1519 1555
1538 872 -1 -3
1539 417 -1 -3
1540 1534 -1 -3
1541 1524 -1 -3
1542 1503 -1 -3
1543 1531 -1 -3
1544 1532 -1 -3
1545 1530 -1 -3
1546 1528 -1 -3
1547 1533 -1 -3
1548 1505 -1 -3
1549 1520 -1 -3
1550 1523 -1 -3
1551 1507 -1 -3
1552 1501 -1 -3
1553 1512 -1 -3
1554 1536 -1 -3
1555 1537 -1 -3
1556 1525 -1 -3
1557 1515 -1 -3
1558 4 -1 -3
1559 1535 -1 -3
1560 1511 -1 -3
1561 1529 -1 -3
