## Clustering history of event 4
## history_index parent1 parent2 child
0 -2 -2 448
1 -2 -2 383
2 -2 -2 374
3 -2 -2 372
4 -2 -2 379
5 -2 -2 463
6 -2 -2 400
7 -2 -2 445
8 -2 -2 375
9 -2 -2 339
10 -2 -2 443
11 -2 -2 466
12 -2 -2 320
13 -2 -2 322
14 -2 -2 323
15 -2 -2 322
16 -2 -2 344
17 -2 -2 434
18 -2 -2 310
19 -2 -2 298
20 -2 -2 347
21 -2 -2 347
22 -2 -2 341
23 -2 -2 337
24 -2 -2 324
25 -2 -2 425
26 -2 -2 476
27 -2 -2 451
28 -2 -2 351
29 -2 -2 530
30 -2 -2 510
31 -2 -2 514
32 -2 -2 413
33 -2 -2 430
34 -2 -2 332
35 -2 -2 393
36 -2 -2 394
37 -2 -2 313
38 -2 -2 332
39 -2 -2 360
40 -2 -2 441
41 -2 -2 444
42 -2 -2 522
43 -2 -2 521
44 -2 -2 439
45 -2 -2 456
46 -2 -2 392
47 -2 -2 488
48 -2 -2 367
49 -2 -2 377
50 -2 -2 377
51 -2 -2 461
52 -2 -2 401
53 -2 -2 505
54 -2 -2 343
55 -2 -2 427
56 -2 -2 482
57 -2 -2 331
58 -2 -2 382
59 -2 -2 447
60 -2 -2 296
61 -2 -2 296
62 -2 -2 295
63 -2 -2 334
64 -2 -2 374
65 -2 -2 310
66 -2 -2 358
67 -2 -2 349
68 -2 -2 337
69 -2 -2 384
70 -2 -2 298
71 -2 -2 318
72 -2 -2 324
73 -2 -2 335
74 -2 -2 318
75 -2 -2 487
76 -2 -2 386
77 -2 -2 398
78 -2 -2 450
79 -2 -2 557
80 -2 -2 570
81 -2 -2 351
82 -2 -2 534
83 -2 -2 521
84 -2 -2 404
85 -2 -2 526
86 -2 -2 485
87 -2 -2 445
88 -2 -2 356
89 -2 -2 423
90 -2 -2 409
91 -2 -2 462
92 -2 -2 441
93 -2 -2 403
94 -2 -2 544
95 -2 -2 483
96 -2 -2 375
97 -2 -2 367
98 -2 -2 376
99 -2 -2 407
100 -2 -2 478
101 -2 -2 549
102 -2 -2 361
103 -2 -2 420
104 -2 -2 412
105 -2 -2 473
106 -2 -2 366
107 -2 -2 388
108 -2 -2 493
109 -2 -2 460
110 -2 -2 372
111 -2 -2 450
112 -2 -2 386
113 -2 -2 405
114 -2 -2 509
115 -2 -2 551
116 -2 -2 509
117 -2 -2 369
118 -2 -2 365
119 -2 -2 376
120 -2 -2 496
121 -2 -2 300
122 -2 -2 308
123 -2 -2 326
124 -2 -2 378
125 -2 -2 457
126 -2 -2 373
127 -2 -2 491
128 -2 -2 422
129 -2 -2 323
130 -2 -2 346
131 -2 -2 346
132 -2 -2 368
133 -2 -2 366
134 -2 -2 412
135 -2 -2 379
136 -2 -2 359
137 -2 -2 297
138 -2 -2 425
139 -2 -2 342
140 -2 -2 427
141 -2 -2 398
142 -2 -2 545
143 -2 -2 530
144 -2 -2 546
145 -2 -2 519
146 -2 -2 483
147 -2 -2 524
148 -2 -2 418
149 -2 -2 462
150 -2 -2 437
151 -2 -2 381
152 -2 -2 420
153 -2 -2 313
154 -2 -2 459
155 -2 -2 306
156 -2 -2 305
157 -2 -2 414
158 -2 -2 389
159 -2 -2 418
160 -2 -2 409
161 -2 -2 399
162 -2 -2 413
163 -2 -2 540
164 -2 -2 407
165 -2 -2 424
166 -2 -2 325
167 -2 -2 325
168 -2 -2 361
169 -2 -2 373
170 -2 -2 455
171 -2 -2 497
172 -2 -2 453
173 -2 -2 383
174 -2 -2 402
175 -2 -2 338
176 -2 -2 301
177 -2 -2 295
178 -2 -2 341
179 -2 -2 385
180 -2 -2 342
181 -2 -2 428
182 -2 -2 567
183 -2 -2 343
184 -2 -2 538
185 -2 -2 419
186 -2 -2 489
187 -2 -2 489
188 -2 -2 492
189 -2 -2 339
190 -2 -2 355
191 -2 -2 391
192 -2 -2 471
193 -2 -2 471
194 -2 -2 465
195 -2 -2 465
196 -2 -2 444
197 -2 -2 526
198 -2 -2 469
199 -2 -2 338
200 -2 -2 452
201 -2 -2 479
202 -2 -2 466
203 -2 -2 447
204 -2 -2 496
205 -2 -2 378
206 -2 -2 411
207 -2 -2 428
208 -2 -2 458
209 -2 -2 435
210 -2 -2 416
211 -2 -2 430
212 -2 -2 458
213 -2 -2 442
214 -2 -2 335
215 -2 -2 395
216 -2 -2 433
217 -2 -2 520
218 -2 -2 485
219 -2 -2 364
220 -2 -2 461
221 -2 -2 416
222 -2 -2 364
223 -2 -2 403
224 -2 -2 400
225 -2 -2 408
226 -2 -2 443
227 -2 -2 391
228 -2 -2 453
229 -2 -2 511
230 -2 -2 314
231 -2 -2 308
232 -2 -2 300
233 -2 -2 304
234 -2 -2 302
235 -2 -2 302
236 -2 -2 350
237 -2 -2 328
238 -2 -2 333
239 -2 -2 435
240 -2 -2 472
241 -2 -2 410
242 -2 -2 387
243 -2 -2 440
244 -2 -2 370
245 -2 -2 507
246 -2 -2 404
247 -2 -2 506
248 -2 -2 495
249 -2 -2 472
250 -2 -2 394
251 -2 -2 350
252 -2 -2 369
253 -2 -2 363
254 -2 -2 363
255 -2 -2 371
256 -2 -2 467
257 -2 -2 371
258 -2 -2 320
259 -2 -2 333
260 -2 -2 399
261 -2 -2 362
262 -2 -2 468
263 -2 -2 393
264 -2 -2 360
265 -2 -2 306
266 -2 -2 381
267 -2 -2 389
268 -2 -2 534
269 -2 -2 439
270 -2 -2 477
271 -2 -2 477
272 -2 -2 408
273 -2 -2 499
274 -2 -2 294
275 -2 -2 293
276 -2 -2 312
277 -2 -2 305
278 -2 -2 299
279 -2 -2 303
280 -2 -2 319
281 -2 -2 319
282 -2 -2 293
283 -2 -2 294
284 -2 -2 316
285 -2 -2 309
286 -2 -2 309
287 -2 -2 292
288 -2 -2 303
289 -2 -2 292
290 -2 -2 353
291 -2 -2 299
292 287 289 312
293 275 282 307
294 274 283 307
295 62 177 311
296 60 61 297
297 137 296 301
298 19 70 348
299 278 291 315
300 121 232 304
301 176 297 311
302 234 235 328
303 279 288 316
304 233 300 314
305 156 277 321
306 155 265 365
307 293 294 315
308 122 231 327
309 285 286 317
310 18 65 431
311 295 301 334
312 276 292 329
313 37 153 326
314 230 304 327
315 299 307 321
316 284 303 317
317 309 316 330
318 71 74 340
319 280 281 336
320 12 258 362
321 305 315 329
322 13 15 344
323 14 129 357
324 24 72 340
325 166 167 421
326 123 313 331
327 308 314 345
328 237 302 352
329 312 321 330
330 317 329 336
331 57 326 345
332 34 38 438
333 238 259 353
334 63 311 380
335 73 214 348
336 319 330 356
337 23 68 358
338 175 199 402
339 9 189 454
340 318 324 354
341 22 178 388
342 139 180 451
343 54 183 370
344 16 322 357
345 327 331 352
346 130 131 359
347 20 21 349
348 298 335 354
349 67 347 395
350 236 251 397
351 28 81 419
352 328 345 382
353 290 333 390
354 340 348 406
355 190 -1 -3
356 88 336 390
357 323 344 387
358 66 337 384
359 136 346 368
360 39 264 410
361 102 168 502
362 261 320 480
363 253 254 396
364 219 222 436
365 118 306 454
366 106 133 406
367 48 97 421
368 132 359 380
369 117 252 446
370 244 343 463
371 255 257 392
372 3 110 436
373 126 169 415
374 2 64 385
375 8 96 396
376 98 119 469
377 49 50 432
378 124 205 457
379 4 135 481
380 334 368 486
381 151 266 429
382 58 352 397
383 1 173 452
384 69 358 417
385 179 374 401
386 76 112 426
387 242 357 422
388 107 341 449
389 158 267 525
390 353 356 414
391 191 227 503
392 46 371 424
393 35 263 411
394 36 250 446
395 215 349 448
396 363 375 470
397 350 382 500
398 77 141 559
399 161 260 460
400 6 224 405
401 52 385 432
402 174 338 484
403 93 223 455
404 84 246 536
405 113 400 555
406 354 366 417
407 99 164 476
408 225 272 426
409 90 160 429
410 241 360 440
411 206 393 478
412 104 134 415
413 32 162 433
414 157 390 464
415 373 412 481
416 210 221 474
417 384 406 431
418 148 159 525
419 185 351 538
420 103 152 438
421 325 367 539
422 128 387 437
423 89 -1 -3
424 165 392 459
425 25 138 487
426 386 408 507
427 55 140 523
428 181 207 494
429 381 409 475
430 33 211 442
431 310 417 449
432 377 401 491
433 216 413 506
434 17 -1 -3
435 209 239 514
436 364 372 474
437 150 422 498
438 332 420 464
439 44 269 556
440 243 410 527
441 40 92 475
442 213 430 493
443 10 226 484
444 41 196 558
445 7 87 504
446 369 394 470
447 59 203 479
448 0 395 486
449 388 431 508
450 78 111 482
451 27 342 499
452 200 383 517
453 172 228 494
454 339 365 456
455 170 403 490
456 45 454 516
457 125 378 504
458 208 212 518
459 154 424 500
460 109 399 580
461 51 220 490
462 91 149 513
463 5 370 505
464 414 438 537
465 194 195 520
466 11 202 541
467 256 -1 -3
468 262 -1 -3
469 198 376 511
470 396 446 488
471 192 193 495
472 240 249 512
473 105 -1 -3
474 416 436 497
475 429 441 498
476 26 407 531
477 270 271 524
478 100 411 529
479 201 447 517
480 362 -1 -3
481 379 415 533
482 56 450 543
483 95 146 550
484 402 443 492
485 86 218 510
486 380 448 508
487 75 425 515
488 47 470 501
489 186 187 519
490 455 461 542
491 127 432 513
492 188 484 516
493 108 442 518
494 428 453 528
495 248 471 512
496 120 204 541
497 171 474 553
498 437 475 527
499 273 451 515
500 397 459 501
501 488 500 547
502 361 -1 -3
503 391 -1 -3
504 445 457 532
505 53 463 523
506 247 433 540
507 245 426 543
508 449 486 562
509 114 116 551
510 30 485 536
511 229 469 531
512 472 495 561
513 462 491 548
514 31 435 535
515 487 499 528
516 456 492 547
517 452 479 554
518 458 493 535
519 145 489 546
520 217 465 558
521 43 83 522
522 42 521 582
523 427 505 545
524 147 477 556
525 389 418 568
526 85 197 550
527 440 498 532
528 494 515 560
529 478 -1 -3
530 29 143 557
531 476 511 539
532 504 527 537
533 481 -1 -3
534 82 268 572
535 514 518 553
536 404 510 544
537 464 532 552
538 184 419 578
539 421 531 560
540 163 506 542
541 466 496 554
542 490 540 561
543 482 507 569
544 94 536 576
545 142 523 555
546 144 519 574
547 501 516 552
548 513 -1 -3
549 101 -1 -3
550 483 526 563
551 115 509 559
552 537 547 577
553 497 535 581
554 517 541 583
555 405 545 579
556 439 524 566
557 79 530 573
558 444 520 571
559 398 551 565
560 528 539 564
561 512 542 575
562 508 -1 -3
563 550 -1 -3
564 560 -1 -3
565 559 -1 -3
566 556 -1 -3
567 182 -1 -3
568 525 -1 -3
569 543 -1 -3
570 80 -1 -3
571 558 -1 -3
572 534 -1 -3
573 557 -1 -3
574 546 -1 -3
575 561 -1 -3
576 544 -1 -3
577 552 -1 -3
578 538 -1 -3
579 555 -1 -3
580 460 -1 -3
581 553 -1 -3
582 522 -1 -3
583 554 -1 -3
