##Input pseudojets size 585 of event 3
## pseudojet_index pt eta phi
0 5.00497 -5.27339 3.9427
1 0.590644 -6.25581 2.46097
2 0.0679313 -5.92596 3.52695
3 0.712863 1.25677 0.208949
4 2.52385 2.48052 0.0621141
5 0.494706 -2.55275 1.86317
6 0.701166 -0.729885 6.03851
7 0.526701 -0.667845 6.2542
8 0.763613 0.995694 1.84921
9 1.19606 -3.82976 1.70126
10 9.90521 -4.79334 1.40913
11 5.2801 -1.49757 3.72435
12 0.350784 -0.85549 3.51799
13 1.18948 -1.06544 4.04627
14 3.44542 -1.2539 3.64771
15 6.53635 -1.30309 3.46441
16 12.8521 -1.45024 3.3768
17 0.95222 -2.86808 2.05696
18 0.928781 -3.42253 3.07351
19 0.216837 -2.01102 4.64613
20 1.32469 -2.56554 5.17644
21 1.14965 -3.0134 5.65485
22 0.317174 -2.1355 5.32329
23 3.68384 -2.91873 5.61889
24 1.83791 -0.510729 0.143392
25 24.972 -0.802226 0.295643
26 11.1434 -0.673611 0.252926
27 13.9566 -0.558328 0.220206
28 5.78595 -0.634143 0.218888
29 4.36299 -3.00648 5.56825
30 3.91097 -2.91794 5.44819
31 4.46857 -3.0855 5.56961
32 2.13152 -2.96065 5.56317
33 0.153952 -4.84333 2.9514
34 0.279806 -4.46111 0.322241
35 0.733995 -5.54815 0.316185
36 0.438116 -6.57842 4.46929
37 10.5822 -1.24239 2.87705
38 5.64965 -1.09874 2.9242
39 9.94256 -1.16138 2.86756
40 1.06406 -1.00178 3.12498
41 5.87324 -1.21256 2.75879
42 3.05413 -1.28348 2.84358
43 11.3966 -1.31465 2.82985
44 8.41569 -1.36051 2.73226
45 1.06036 -0.56625 3.35298
46 1.70537 -1.00728 3.3014
47 13.9276 -0.933894 3.23942
48 2.41282 -0.835176 3.21805
49 2.78987 -0.992878 6.10823
50 6.1331 -1.00507 6.2514
51 4.27307 -1.15278 6.12222
52 0.385704 -1.79266 3.84206
53 1.18441 -3.06414 3.27775
54 0.670986 -2.4122 1.49917
55 0.473745 6.22741 1.39197
56 0.347371 0.887882 0.261703
57 0.0740228 3.15094 4.66916
58 0.689475 2.3384 3.84678
59 0.142122 4.51257 4.89025
60 0.249385 3.12492 3.9386
61 0.308911 3.87461 3.14362
62 0.391226 3.39781 0.126944
63 0.0654581 -0.00893037 2.33034
64 1.12717 -0.793368 6.06133
65 0.208983 0.0999263 1.54818
66 0.63883 1.34844 5.33724
67 0.412769 1.46188 1.79763
68 0.38365 2.92207 5.35029
69 1.19833 -4.81823 1.45077
70 5.48883 -4.92961 1.21913
71 0.47736 -4.28848 1.82716
72 0.768489 -4.57385 2.14336
73 0.25657 -5.57997 4.17685
74 0.111216 -6.01335 5.63087
75 0.586762 -2.13639 2.281
76 0.416776 5.58291 5.99002
77 0.19919 5.69179 3.98315
78 0.31217 4.07233 3.76003
79 0.399704 5.25344 2.11976
80 0.183776 3.79264 3.99325
81 0.437616 5.30074 5.57959
82 0.137766 4.70995 0.857552
83 0.528084 4.06319 0.422984
84 0.647226 2.27145 0.915058
85 1.75051 2.48947 0.773212
86 0.643856 1.52518 2.14567
87 0.951338 1.05868 2.05956
88 0.339053 1.05597 0.140057
89 0.745486 -0.18307 4.52197
90 1.06416 -0.786523 0.185007
91 0.0712005 0.396441 3.10769
92 2.02091 0.694082 0.550463
93 0.44077 0.92789 2.66867
94 1.27723 -0.256 0.958632
95 2.02302 1.03877 0.739121
96 0.805677 0.160924 0.971458
97 1.28526 -0.336392 1.46948
98 0.440723 1.57163 1.80316
99 1.29806 1.20387 4.44619
100 0.241625 1.8199 4.36422
101 1.33484 0.14909 3.99096
102 1.13436 6.50402 2.37924
103 0.446257 4.6799 4.42828
104 0.2347 4.11081 0.312761
105 0.634821 0.61965 3.34671
106 0.309994 2.08048 5.65846
107 0.189744 -6.84979 5.91009
108 0.187642 -5.42561 2.14035
109 0.306104 -6.94499 3.35754
110 0.513133 -3.51903 6.12331
111 0.893546 -0.0672544 0.841891
112 0.0180543 -1.66148 3.38041
113 1.80075 -0.239008 1.11866
114 0.448248 0.418443 0.815435
115 0.893397 0.175627 2.72461
116 0.731785 -1.72037 3.0215
117 1.01893 -1.73686 3.85318
118 0.897206 -5.11935 0.833874
119 1.88096 -4.67245 1.50175
120 0.720444 -4.28686 1.48074
121 23.8535 -1.47294 3.4302
122 14.5045 -1.43486 3.45444
123 0.393735 -2.59233 4.68213
124 0.349427 -3.22845 0.444741
125 0.319892 -3.97463 4.66723
126 1.16632 -2.4953 5.09852
127 0.258903 -2.25863 0.173648
128 0.251093 -3.38103 5.21095
129 6.04986 -0.47422 0.111645
130 2.46923 -0.454731 0.257481
131 11.9159 -0.462779 0.156949
132 3.54325 -0.716192 0.235346
133 2.90968 -0.90556 0.268493
134 16.2291 -0.74051 0.304947
135 1.90641 -0.651652 0.315607
136 14.0266 -0.574795 0.137188
137 0.13613 -3.10084 5.02781
138 0.411756 -4.37624 0.942665
139 0.83665 -5.51154 3.51949
140 0.834132 -1.15476 2.75821
141 5.2464 -1.21687 2.79532
142 1.90401 -1.15676 2.70115
143 5.09207 -1.0652 2.87499
144 2.52209 -1.38569 2.70139
145 1.91966 -1.38435 2.9095
146 3.09645 -1.29765 3.11647
147 35.8669 -0.913295 3.27178
148 11.7024 -0.88998 3.27508
149 30.8174 -0.907392 3.27999
150 52.2235 -1.02244 6.19671
151 4.25006 -1.02755 6.01663
152 2.21509 -0.989779 6.21048
153 6.40223 -1.06133 6.23779
154 0.514795 -1.4095 0.938671
155 1.89405 -1.34597 6.0507
156 0.240555 -1.50678 4.3704
157 0.686578 7.33536 0.447738
158 0.428985 8.33227 6.08988
159 0.452413 6.42369 2.56472
160 1.10196 1.45251 0.959608
161 0.898129 2.80057 3.62039
162 0.332651 2.71605 4.94405
163 0.304632 2.855 3.20122
164 0.286788 3.36077 3.02303
165 0.0981733 5.30076 4.54512
166 0.223814 6.70122 0.893435
167 0.323507 3.38177 0.560146
168 0.810587 2.46866 3.02887
169 0.337892 4.77721 4.9898
170 0.466321 4.28762 0.220891
171 0.296988 4.31059 4.54466
172 0.235964 -3.97768 4.81008
173 0.5025 0.873447 5.17881
174 0.27719 2.43027 1.86699
175 1.77926 2.24708 3.46497
176 1.58749 5.70753 6.03298
177 2.36712 6.12072 6.04959
178 1.13234 5.72845 5.38743
179 0.28507 4.62258 5.02215
180 0.462746 5.39398 0.403737
181 0.480757 5.41891 5.40203
182 0.0362288 6.50921 6.22817
183 0.839947 4.35543 1.38893
184 0.14163 5.61456 2.35568
185 0.456837 4.59177 2.68343
186 0.199105 4.8335 0.721744
187 0.397515 3.45276 4.79364
188 0.214715 5.33392 3.54524
189 0.18026 5.96793 4.18267
190 0.671437 4.45472 3.40683
191 0.14344 4.20525 5.60636
192 0.421375 4.09339 4.0561
193 0.802793 3.5127 0.535974
194 0.269624 2.91963 5.74544
195 0.768257 3.00722 0.287549
196 1.72921 3.00331 0.784809
197 0.307991 0.570508 3.05301
198 0.283582 0.672244 3.80451
199 0.646791 0.0167091 5.36778
200 0.423606 -0.552641 0.508701
201 0.627191 1.10715 6.13389
202 0.529741 -0.127377 0.315328
203 0.757799 0.875391 4.53659
204 1.36009 1.04896 3.89223
205 0.813888 0.641738 3.39856
206 0.312545 7.19092 4.61649
207 0.20229 5.53035 4.57354
208 0.591608 4.47734 1.81038
209 0.324962 5.22925 0.854612
210 0.394562 0.332519 3.40488
211 3.81327 -3.24114 2.40428
212 17.0811 -1.24225 2.92
213 8.33601 -0.946134 3.20143
214 0.722632 0.132242 4.71054
215 0.302345 -0.570355 4.88278
216 0.833812 -0.173933 6.00245
217 0.0993977 -0.611115 4.0059
218 0.0876509 -1.43194 2.75092
219 0.221319 -1.70382 3.31073
220 0.245267 -1.62468 3.89283
221 0.962731 -4.44293 1.74848
222 2.30926 -4.52369 1.70762
223 2.43115 -4.88675 1.33899
224 2.02542 -4.94676 1.34888
225 23.3523 -1.39255 3.46565
226 5.82925 -1.41066 3.46454
227 6.97501 -1.5065 3.45647
228 7.42426 -1.52497 3.45318
229 7.91286 -1.43593 3.44348
230 1.48843 -1.56931 3.43002
231 1.25265 -1.46528 3.39408
232 0.1155 -3.59896 2.86622
233 0.259027 -2.83795 2.90323
234 0.980563 -3.07613 2.35722
235 0.788846 -3.44544 1.99154
236 0.0812434 -3.48498 6.06141
237 1.9003 -3.19495 5.87866
238 0.675291 -2.77613 5.26742
239 0.0785892 -3.01312 5.80966
240 0.108639 -2.74364 5.55835
241 2.21044 -2.78212 5.83195
242 0.426965 -2.77616 5.56291
243 1.42382 -2.78274 5.74912
244 0.701511 -2.30096 5.22109
245 0.537525 -2.85835 5.36951
246 0.741274 -2.35977 5.12962
247 0.357911 -3.2737 5.62058
248 0.366542 -2.63269 4.85582
249 0.244901 -2.24801 5.08689
250 1.6516 -0.535729 0.0271813
251 2.26102 -0.295189 0.110134
252 0.995842 -0.359735 0.193626
253 1.86721 -0.537985 0.0829123
254 1.3652 -0.548596 0.338747
255 3.48855 -0.416406 0.124984
256 1.0872 -0.623175 0.0986023
257 1.27586 -0.24129 0.359465
258 0.859111 -0.714514 0.259636
259 14.4215 -0.732318 0.293602
260 0.148186 -0.609182 0.558131
261 0.823502 -0.737238 0.191553
262 2.70738 -0.782533 0.262441
263 5.63258 -0.752222 0.279052
264 2.92016 -0.7045 0.258152
265 15.1137 -0.698732 0.277634
266 2.91472 -0.669419 0.152832
267 3.83498 -0.632791 0.169809
268 0.362668 -2.96604 5.35336
269 0.947233 -2.81165 5.5243
270 0.194173 -3.46442 4.8987
271 0.150925 -2.77 0.529124
272 0.103184 -3.4577 0.123686
273 0.136609 -3.94484 5.89412
274 0.21786 -3.9444 5.89554
275 0.424283 -3.53625 6.22887
276 0.963705 -3.71711 6.12038
277 0.368502 -3.30139 5.99332
278 0.634849 -3.74225 5.5701
279 0.190512 -5.84311 5.81563
280 0.0390252 -5.22691 0.258389
281 1.66403 -5.1862 0.238394
282 0.131033 -5.7832 0.0667757
283 0.061136 -5.67657 1.76945
284 0.139333 -5.33871 6.16816
285 0.449571 -5.1813 3.03897
286 1.19074 -5.86796 0.20269
287 1.04547 -0.974873 2.79506
288 2.5872 -1.10454 2.81399
289 1.7565 -0.982135 3.06091
290 0.846338 -1.06234 2.9846
291 1.53462 -1.13152 2.78429
292 1.24749 -1.03413 2.78935
293 0.789476 -1.08941 2.9969
294 3.13377 -1.11598 2.91528
295 0.471104 -1.30474 2.50159
296 0.504301 -1.1156 2.29923
297 5.72623 -1.39221 2.98696
298 0.704115 -1.39247 2.91972
299 2.74572 -0.994834 3.23458
300 2.35551 -1.0232 3.32475
301 0.0614658 -2.14898 0.350684
302 0.515798 -1.71922 0.15064
303 0.0732245 -3.02966 5.62144
304 0.504119 -1.68466 0.241184
305 0.0180706 -1.67004 5.60783
306 0.43834 -2.5029 4.25606
307 0.0715252 -2.23068 1.10615
308 0.110311 -3.42845 0.246494
309 0.328732 -1.98817 2.43184
310 0.653358 -3.03992 1.9978
311 0.210116 5.67744 1.6438
312 0.357208 5.87223 4.58722
313 0.188534 4.6301 1.67455
314 0.0376108 4.25218 6.17286
315 0.327272 0.933603 1.13663
316 0.0413682 1.69977 2.01906
317 0.199408 4.69655 3.09647
318 0.279427 3.48489 0.480703
319 0.505048 4.41824 1.96813
320 0.0300045 3.48201 2.48361
321 0.435637 -4.69135 1.59465
322 0.13554 -4.38596 1.12719
323 0.0086645 -2.17413 3.28377
324 1.15463 -3.43733 3.24225
325 0.861075 -3.95068 3.90015
326 0.124602 -0.0692041 2.06767
327 0.0209809 -1.68877 4.6742
328 0.106775 0.298922 0.292642
329 0.136364 -0.226722 1.32161
330 0.196458 1.29318 2.11757
331 0.0169478 3.1288 3.18972
332 0.420568 4.02008 3.62713
333 0.154686 4.87911 0.0691593
334 0.0295436 4.93667 2.83945
335 0.188091 3.74926 4.25723
336 0.106752 4.45164 0.420633
337 0.185057 3.81691 2.91066
338 0.651689 4.66453 0.0498295
339 0.331029 4.43008 6.16182
340 0.542492 4.58826 4.4032
341 0.645788 0.0336452 1.38964
342 0.32869 0.248334 0.434308
343 0.326124 -0.481774 0.963676
344 0.0142828 -0.46154 4.40454
345 0.266986 -0.250801 3.48627
346 0.0175176 -0.528061 6.19823
347 0.212933 1.18346 5.43768
348 0.44238 1.55174 5.67542
349 0.0832902 6.98792 1.03524
350 0.137074 8.05839 1.62353
351 0.281998 -2.7095 0.0506856
352 0.122722 -3.30183 0.460025
353 0.242928 -2.75684 4.06467
354 0.0789879 -1.93149 4.54763
355 0.119942 -1.16708 4.77701
356 0.0963821 -2.14902 4.03051
357 0.0835099 -6.00266 5.74119
358 0.136938 -7.19062 5.65173
359 0.064197 -2.58047 4.14893
360 0.206203 -1.54263 4.59883
361 0.496271 -3.07179 2.14989
362 2.09942 -3.18557 2.2172
363 1.79196 -0.474269 1.08143
364 0.231726 -0.283966 1.16836
365 0.508712 -4.38884 0.891808
366 1.16492 -4.53288 0.791951
367 0.286907 -3.14124 2.9058
368 0.872327 -3.0331 2.658
369 0.184812 -2.81137 3.68559
370 0.00582237 -5.5457 6.08029
371 0.0807136 -3.47454 5.5788
372 0.469699 -3.72224 6.2379
373 0.190918 -1.8452 0.562088
374 0.301362 -2.22178 0.981292
375 0.107856 -0.378646 0.0455856
376 9.68177 -0.395507 0.176689
377 0.988133 -0.631444 0.264206
378 1.61464 -0.731777 0.22754
379 2.70061 -0.771185 0.37294
380 7.4183 -0.7942 0.353453
381 6.51401 -0.556386 0.171819
382 16.5531 -0.544415 0.166753
383 0.118369 -6.82614 1.55696
384 0.052823 -7.07065 3.56884
385 19.519 -1.20811 2.90865
386 14.4177 -1.18452 2.91493
387 0.707278 -1.16529 2.9355
388 6.50586 -1.20041 2.88329
389 1.51316 -1.28212 2.96248
390 3.08577 -1.27021 2.90115
391 4.81198 -1.09345 2.80141
392 3.23156 -1.10851 2.83215
393 0.199527 -1.54858 3.01305
394 0.00476386 -4.42902 5.2847
395 3.54059 -0.995451 3.31072
396 5.43304 -0.909066 3.34564
397 0.157992 -1.03075 3.66474
398 0.399891 -0.682356 3.25472
399 1.56452 -0.871908 3.17257
400 2.72276 -0.908474 3.2268
401 17.4241 -1.01591 6.20542
402 10.5372 -1.02405 6.19968
403 0.111129 -1.31104 2.01647
404 0.191586 -1.96844 2.66643
405 0.299604 5.34086 4.28812
406 0.151679 5.91027 4.54932
407 0.13828 0.427444 1.69762
408 0.202772 0.276837 0.883441
409 0.785861 3.75151 4.21421
410 0.280129 3.78179 4.50128
411 0.283117 4.2519 4.16481
412 0.22401 4.21419 4.70605
413 0.259254 5.62106 1.50815
414 0.0879743 7.69166 0.802781
415 0.18128 6.13759 5.84138
416 0.142863 5.08265 5.67062
417 0.00748838 -3.7344 6.12544
418 0.580332 -3.0912 2.49351
419 0.204634 1.31633 3.47045
420 0.278612 0.870005 3.81424
421 0.228742 2.11127 3.04755
422 1.09758 1.94846 3.26245
423 0.236133 1.9741 2.85299
424 0.247608 1.42496 2.90203
425 0.021171 8.4769 5.68742
426 0.204583 6.67839 5.66753
427 0.0135877 4.56032 1.58325
428 0.334294 4.32683 4.93419
429 0.268095 4.14195 0.042914
430 0.0185384 4.99417 4.29158
431 0.0584486 3.38142 2.01121
432 0.883082 3.93267 1.80752
433 0.0124746 1.90075 3.9289
434 0.23538 3.80835 2.7052
435 0.0853217 5.37693 2.75979
436 0.252721 4.73375 2.1024
437 0.0589129 3.88328 4.75481
438 0.227498 2.77503 4.73989
439 0.66396 2.69637 0.547879
440 0.0901583 2.53044 0.0155306
441 0.0794647 2.16917 0.751877
442 0.187518 2.16026 5.86347
443 0.0289622 -0.360347 3.10479
444 0.341256 -0.527315 4.5832
445 0.189949 0.0272963 0.173056
446 0.434884 0.407824 0.445938
447 0.0747001 0.491094 0.363942
448 0.13821 1.36311 5.62617
449 0.122576 -0.168885 2.47899
450 0.120044 0.141317 3.60595
451 0.0382351 1.5787 4.84694
452 0.0634759 3.66961 6.05545
453 0.228316 -0.0419371 1.6562
454 0.0258151 0.772888 6.17248
455 0.42396 -6.1626 1.24556
456 0.399431 -5.76862 0.305342
457 0.806775 -3.06136 2.28156
458 7.76579 -3.10341 2.27706
459 0.112029 6.71639 2.60909
460 0.240978 5.34398 6.18545
461 0.467731 0.0562789 5.95908
462 4.44617 -0.193372 5.60373
463 0.0860511 -1.32412 0.738328
464 0.0544176 -1.84548 4.51267
465 0.0279165 0.857446 6.22041
466 0.139486 -0.0371068 2.65604
467 0.24429 0.791558 1.6826
468 0.111404 0.603825 0.86358
469 0.03313 1.03944 0.383715
470 0.192301 0.0116313 1.80752
471 0.1764 -1.74764 4.23676
472 0.295143 -2.15504 3.80724
473 0.111751 -1.38361 2.91458
474 0.215896 -1.64475 3.76893
475 0.0175615 -1.40188 6.1484
476 0.277967 -1.45973 3.53343
477 6.90037 -1.46406 3.44558
478 2.93992 -1.44696 3.42097
479 0.34591 -2.97847 2.37442
480 0.38054 -2.60884 2.38922
481 0.0632555 -2.6333 1.49409
482 0.230862 -2.80986 2.6623
483 0.398948 -3.04839 1.99626
484 0.0483439 -2.31214 1.3716
485 0.150046 -3.22428 2.25219
486 0.225274 -2.82893 2.8794
487 0.350875 -2.45167 5.58583
488 0.271986 -2.6963 5.94946
489 0.378241 -2.73591 5.71017
490 0.326559 -3.07672 5.5361
491 0.113735 -4.11007 5.18225
492 0.0301441 -2.28468 6.19911
493 0.0485347 -1.67976 0.085411
494 0.0711393 -3.08231 4.2941
495 0.0434568 -2.61383 1.41572
496 0.197974 -2.83767 6.0944
497 2.13566 -0.340384 0.0754542
498 0.228783 -0.17363 6.26155
499 0.253401 -0.0784794 5.68052
500 0.165241 -0.0963451 0.0692995
501 0.123303 -0.646128 0.471102
502 0.526049 -0.471826 6.24848
503 0.621341 -2.75578 5.54292
504 0.0735547 -3.00681 4.95545
505 0.0768039 -2.63186 2.07468
506 0.0543415 -3.23977 5.09094
507 0.130653 -5.00689 0.938107
508 0.0284 -6.00071 3.6751
509 0.0458237 -5.40374 5.7584
510 0.173596 -5.75201 1.13004
511 1.32542 -1.03458 2.90671
512 0.196496 -0.968104 2.65
513 3.47587 -1.01415 3.31426
514 0.555248 -1.0397 3.22049
515 14.1654 -0.976283 6.03258
516 33.4752 -0.978368 6.08884
517 28.5479 -0.994802 6.11687
518 0.210943 -0.915612 6.1552
519 0.63042 -1.00907 0.232098
520 0.145493 -2.20518 3.02158
521 0.0319864 -2.35737 0.210442
522 0.252791 -2.07049 2.99884
523 0.0465191 -3.04291 2.25604
524 0.440601 -2.01831 3.35953
525 0.17469 -2.1059 2.87626
526 0.073335 -2.0672 4.1211
527 0.0766401 -1.40769 2.14383
528 0.0453213 -1.82794 4.56389
529 0.0740222 -3.68354 3.58805
530 1.04263 5.84169 6.00688
531 1.72464 5.85499 5.90706
532 0.264303 5.57136 5.8559
533 0.386385 5.90586 6.11247
534 2.09815 5.80067 5.89236
535 0.365758 5.88337 6.02245
536 0.232562 4.2616 5.40026
537 0.184884 3.6262 5.32118
538 0.571311 3.31534 4.44924
539 0.0258183 3.75585 3.38024
540 0.0263148 -0.299668 4.05775
541 0.204213 0.0473463 1.79972
542 0.0632756 -0.128601 1.95626
543 0.207513 0.664401 1.07666
544 0.0808461 0.0459424 5.74582
545 0.0661968 1.1758 1.02649
546 0.197473 0.708409 1.56532
547 0.203585 0.741737 0.879595
548 0.0740082 -5.5889 0.208387
549 0.00969421 -2.33771 1.54457
550 0.111966 -6.04166 6.15624
551 0.0304834 -4.65409 4.01305
552 0.0426716 -4.3939 3.88501
553 0.158985 -5.79154 4.52248
554 0.404019 0.623714 2.49814
555 0.246995 0.917917 2.80824
556 0.0657801 -0.202341 5.071
557 0.0483492 1.03249 1.93081
558 0.0301531 -1.86744 0.767854
559 0.380209 -1.75956 5.69306
560 0.0562239 -2.19125 3.31615
561 0.0579938 -3.69921 5.32527
562 0.0114195 4.49267 0.892846
563 0.109096 1.85344 2.74262
564 0.131087 2.86196 0.468557
565 0.231267 2.906 5.95701
566 2.00357 -0.0529023 5.68916
567 4.62119 -0.168314 5.47485
568 1.26999 -1.6727 3.46201
569 4.02549 -1.44282 3.3956
570 2.5441 -0.99619 6.11563
571 1.50276 -1.06479 6.108
572 0.280496 -1.59238 3.66497
573 50.237 -1.4326 3.40168
574 1.02486 -1.61209 3.52123
575 2.0752 -0.980541 6.06888
576 5.12058 -1.02096 6.07785
577 1.03017 -1.05447 0.0314936
578 0.20304 -0.837996 6.11419
579 16.7425 -1.50666 3.44999
580 8.28133 -1.02733 6.11671
581 8.97906 -1.02749 6.13236
582 10.1651 -1.39128 3.39418
583 5.48687 -1.00241 6.08452
584 10.6047 -1.01723 6.13493
