##Input pseudojets size 292 of event 4
## pseudojet_index pt eta phi
0 3.13272 -0.511985 1.85059
1 1.05841 0.838455 1.19954
2 0.463566 -1.52485 1.92092
3 0.40579 -2.33643 2.66154
4 0.927168 -1.18716 3.29647
5 1.64903 5.35453 1.78581
6 0.533259 4.04044 1.41014
7 0.840955 -0.155047 0.319401
8 1.83613 0.856386 5.9507
9 0.92753 0.945915 4.69675
10 0.549036 0.28231 4.21278
11 0.23724 1.35334 1.95306
12 0.854368 -0.677754 5.61853
13 0.677801 -1.19805 6.05753
14 2.92985 -0.878408 5.90819
15 4.01675 -0.833209 6.03848
16 11.9439 -0.787973 5.95851
17 1.36775 -0.117454 2.34009
18 1.29918 -0.759394 2.32639
19 3.62378 -1.01789 2.56279
20 1.32083 -0.977705 2.00656
21 2.2328 -0.739785 2.00426
22 2.23913 -1.34607 2.32615
23 4.15464 -1.05192 2.24608
24 7.04026 -1.00612 2.48025
25 2.25116 2.59799 5.79794
26 0.669247 2.22971 5.09485
27 0.950645 2.77626 6.24853
28 0.415243 8.40629 4.25281
29 0.12282 5.92256 0.581081
30 0.10752 -5.73936 0.558428
31 0.34025 -2.78417 4.05386
32 0.636215 -3.4336 0.899516
33 0.529574 -2.13423 3.97309
34 0.685865 -0.264596 4.88612
35 0.481146 -0.107518 1.96437
36 0.172285 1.27146 6.10102
37 0.897057 0.530999 5.71857
38 2.08254 -0.331139 4.89496
39 0.575395 -1.48011 5.36563
40 0.359681 -1.38921 0.114486
41 0.212539 -4.99866 4.40275
42 0.405535 -7.72896 4.84241
43 0.984277 -7.35921 4.2121
44 0.296389 -7.51225 0.741782
45 0.991357 1.34724 4.98608
46 1.97699 0.788392 5.47854
47 0.434693 1.4152 5.85046
48 1.58742 2.36066 4.57689
49 0.282759 -1.85963 2.00723
50 1.0498 -1.64156 1.92701
51 0.462347 -2.44214 1.28836
52 0.286592 -1.51243 1.75298
53 1.51999 4.80451 1.62611
54 0.293142 5.81315 1.63412
55 0.26858 5.57066 2.3809
56 0.203691 3.70424 0.390448
57 5.35154 0.53112 5.73019
58 1.31099 0.429714 5.90638
59 0.309529 -0.0181268 1.06568
60 69.3767 -0.387919 2.33171
61 32.9423 -0.40006 2.33597
62 37.4713 -0.385 2.35959
63 10.0845 -0.412209 2.27953
64 1.42776 -1.34871 1.93792
65 0.777496 -0.768479 2.35189
66 3.08541 -1.23136 2.27962
67 0.715126 -0.800755 2.09966
68 4.83892 -1.13724 2.24869
69 3.92394 -0.966529 2.2972
70 1.00286 -1.01159 2.57368
71 4.45634 -1.05743 2.48397
72 21.3186 -0.965177 2.46849
73 2.18609 -0.902775 2.56286
74 6.70533 -1.05375 2.4495
75 1.43468 2.11635 5.6201
76 0.585443 4.31593 6.14294
77 0.443489 4.11916 3.63903
78 0.303999 3.51142 6.21292
79 0.142861 7.47547 0.341294
80 0.320494 9.775 0.0691491
81 0.105116 8.64524 4.34303
82 0.395383 -8.05776 2.79611
83 0.132026 -10.7027 3.98358
84 0.200322 -5.3783 6.1632
85 0.375589 -4.77811 2.6088
86 0.0371295 -7.42566 1.09826
87 0.342887 -0.258869 0.612189
88 8.26157 -0.514682 5.10359
89 0.762409 -0.674297 4.94302
90 0.594821 -1.08818 0.197857
91 0.768053 -2.09659 1.6755
92 0.19183 -1.50572 6.09494
93 0.333599 -2.85113 1.76284
94 0.405487 -4.02795 0.122854
95 0.222852 -6.37357 3.01269
96 0.286411 0.978091 5.87943
97 0.278612 2.31474 4.46311
98 0.21897 1.89378 4.45924
99 0.785944 1.62373 5.28013
100 0.492882 0.363137 1.92856
101 0.0653786 0.462824 2.69228
102 0.402118 -0.123972 2.84735
103 0.154591 -0.0845009 4.97123
104 0.619569 -0.784492 2.84438
105 0.99411 -1.28072 2.78723
106 0.802027 -1.07891 2.67884
107 0.347759 -1.22671 2.47004
108 0.884239 -1.63063 3.84157
109 0.0281901 -0.830926 4.07999
110 0.0849334 -2.38986 2.74703
111 0.0621136 4.03934 0.100563
112 0.206198 4.62675 6.08495
113 0.0453709 3.78654 1.50652
114 0.581857 3.37254 2.24149
115 0.259437 2.72812 3.35976
116 0.160601 3.04618 2.77232
117 0.412556 0.939928 0.130203
118 0.315809 1.00711 5.08582
119 0.179517 1.98837 4.60224
120 0.146586 2.2451 2.28852
121 16.863 0.44119 5.72887
122 11.4018 0.392711 5.75158
123 0.758762 0.502323 5.66269
124 0.927027 -0.0115589 6.07882
125 0.138144 -0.37757 6.16133
126 0.0557138 -0.700638 3.00625
127 0.140427 -1.30026 1.4563
128 2.04337 -0.564096 5.98541
129 0.0838144 -0.866969 5.86724
130 1.29925 -0.449876 2.16815
131 1.64406 -0.488701 2.25197
132 2.93881 -0.521793 2.34593
133 0.285752 -0.9729 2.73626
134 0.718165 -0.862036 3.05607
135 0.410321 -1.06983 3.19217
136 2.81712 -0.581026 2.22392
137 0.14823 -0.395492 2.3194
138 0.421002 2.4372 6.00531
139 0.147668 2.58818 0.247995
140 0.0186293 5.0786 2.42996
141 0.319091 3.87142 3.70751
142 0.313188 6.24595 1.77696
143 0.141239 6.33043 6.21195
144 0.0594378 -5.80194 4.25951
145 0.13871 -6.19557 5.85677
146 0.208745 -5.20866 3.08603
147 0.265225 -5.89776 1.52114
148 0.166946 -1.88665 0.619201
149 0.119824 -2.3103 1.32519
150 0.339284 -0.668389 6.23783
151 0.316219 -0.885253 0.306608
152 0.0394115 0.171611 5.02793
153 0.88874 0.477898 5.69248
154 0.847655 0.612818 5.2164
155 0.500358 0.913346 4.9797
156 1.47173 -0.606043 5.19839
157 1.50125 -0.70595 5.40866
158 0.657911 -0.763939 0.786423
159 0.531659 -1.43001 0.654073
160 0.098534 -0.920591 0.0266538
161 0.0523816 -0.405495 4.05829
162 0.188426 -3.64176 0.862709
163 0.112636 -3.80215 1.81028
164 0.0378554 1.60092 5.49949
165 1.35738 1.04421 5.30797
166 2.08309 2.6109 4.49888
167 3.88194 2.56999 4.47482
168 0.244486 -0.11887 2.73203
169 0.220601 -0.582032 3.07936
170 0.214605 -2.96486 1.89282
171 0.416331 -2.703 2.26228
172 0.0822621 1.93714 0.615681
173 0.104163 0.741203 1.35135
174 0.793065 0.460742 4.55612
175 0.441612 0.647001 4.68747
176 4.26404 -0.374702 2.3351
177 6.04527 -0.395247 2.35197
178 0.443361 -1.28069 2.38455
179 0.447848 -1.36875 2.09369
180 0.166734 2.52431 0.185996
181 0.381439 2.00089 0.107251
182 0.0403628 5.70911 4.48785
183 0.115992 5.63573 1.68519
184 0.0674877 8.92514 3.50213
185 0.308164 8.89224 4.47551
186 0.598421 -5.8206 5.33254
187 0.121114 -5.9073 4.83355
188 0.165909 0.902254 4.18871
189 0.518939 0.996378 4.64289
190 0.0680605 -0.644425 5.26808
191 0.61031 -0.00354401 5.38496
192 0.113753 -2.51296 5.90172
193 0.842165 -2.39269 0.0408354
194 0.351681 -3.68613 5.28108
195 0.30693 -3.41095 4.97561
196 0.23792 -4.62128 4.63462
197 0.037678 -3.92146 3.30496
198 0.212702 1.36853 4.31571
199 0.107276 0.575715 4.68704
200 0.163109 0.979394 1.47225
201 0.164192 0.422027 0.861531
202 0.184309 1.42539 1.58504
203 0.0597794 0.257654 1.22554
204 0.0756757 1.84587 2.81525
205 0.0307404 0.10479 6.17359
206 0.0387835 -0.25385 2.12089
207 0.0453964 2.03576 0.360991
208 0.229099 -1.69777 3.08352
209 0.0382974 -2.25234 4.53456
210 0.082602 -2.91616 2.65034
211 0.0758668 -1.98216 4.20599
212 0.180469 -1.99828 3.31727
213 0.384866 -2.26603 3.75692
214 0.168618 -0.907992 2.63075
215 0.200764 -0.918808 1.87967
216 0.112651 -3.42603 1.16884
217 0.0594343 -4.0003 5.6889
218 0.0165235 -4.43312 0.833499
219 0.16567 -2.67362 2.74806
220 0.0582184 -2.78351 1.20315
221 0.140264 -3.02895 2.85936
222 4.93414 -2.5648 2.79077
223 1.15975 -2.80302 1.54714
224 0.143765 4.17805 1.26941
225 0.180752 4.48827 5.88596
226 0.101508 0.54394 4.07186
227 0.0839526 -0.177783 5.43829
228 0.0549458 2.25718 0.73095
229 0.0800356 1.88113 3.86769
230 28.716 0.429614 5.76584
231 2.93983 0.36669 5.75603
232 22.9323 0.43896 5.74576
233 2.49754 0.421125 5.74587
234 4.73487 0.514997 5.83607
235 1.52521 0.49737 5.8206
236 0.525624 0.615039 5.78036
237 1.46609 0.463248 5.80399
238 0.0875611 -0.852603 5.13071
239 0.059796 -2.48187 4.69886
240 0.0555643 -1.84883 6.15774
241 0.465117 -1.2864 5.5309
242 0.168138 -0.748287 5.82036
243 0.210506 -1.44668 5.73747
244 0.0278543 5.78216 1.55833
245 0.129768 4.56514 5.51794
246 0.040757 -5.3798 6.24494
247 0.133305 -4.02859 1.13867
248 0.306437 -2.414 0.524105
249 0.0515972 -2.0308 5.75798
250 0.164499 1.13508 6.2748
251 0.232709 0.699824 5.73587
252 0.0971034 0.772055 0.123139
253 0.405406 0.848409 5.71673
254 0.115236 0.855983 5.83315
255 0.917804 0.975296 5.43298
256 0.00301183 -0.867827 3.58211
257 0.835954 0.968752 5.56555
258 0.085875 -0.439561 5.60449
259 0.670082 -0.811158 5.18068
260 0.165268 -0.504029 3.8694
261 0.0437353 -0.388068 5.6966
262 0.0917212 0.475324 6.18454
263 0.063503 0.0837618 1.9801
264 0.0643084 -1.48274 5.47728
265 0.0308261 0.900416 4.96223
266 0.361259 -0.740355 0.258172
267 0.194618 -0.580458 0.74624
268 0.0977957 -7.70123 2.10761
269 0.124221 -7.14743 0.956445
270 0.526749 -6.40986 1.78521
271 0.166613 -6.84043 1.64607
272 0.12568 4.05324 5.98625
273 0.0643733 2.86863 0.550854
274 11.3147 -0.575307 5.19202
275 13.7043 -0.581202 5.16192
276 6.28977 -0.588271 5.1142
277 19.3575 -0.587005 5.20987
278 5.59385 -0.601237 5.15979
279 4.95882 -0.640332 5.20917
280 7.52344 -0.523341 5.19654
281 1.85295 -0.541927 5.22755
282 13.53 -0.577967 5.16657
283 6.27153 -0.571827 5.17987
284 6.61979 -0.636056 5.17176
285 0.808063 -0.684215 5.20472
286 2.10636 -0.666163 5.18653
287 0.826618 -0.57772 5.13517
288 2.11054 -0.632712 5.19228
289 3.74961 -0.575808 5.1389
290 0.956303 -0.718064 5.15096
291 1.73511 -0.614814 5.16858
