##Input pseudojets size 400 of event 8
## pseudojet_index pt eta phi
0 1.14922 -5.83066 2.34875
1 0.570183 -5.9947 0.114272
2 0.555786 -4.87202 0.481983
3 0.148794 -2.82077 6.27363
4 4.62537 -3.58045 1.69826
5 0.290072 2.19329 3.16926
6 0.351613 3.65113 4.54537
7 0.315964 6.42803 1.22676
8 0.445724 5.41807 1.65526
9 0.0435983 10.1589 1.72631
10 0.404789 6.60841 4.02497
11 0.676341 -1.6109 0.942531
12 0.455361 -0.944328 0.929058
13 0.258963 -1.79689 1.96448
14 1.90712 -2.07563 3.83078
15 1.96274 -1.61334 4.03708
16 80.1997 -1.43853 1.46841
17 37.9143 -1.42465 1.46594
18 10.3784 -1.50813 1.41915
19 8.90172 -1.40814 1.34291
20 4.02851 -1.6019 1.4539
21 7.97144 -1.72076 1.40213
22 8.1915 -1.62648 1.38845
23 4.13455 -1.49793 1.41521
24 36.2582 -1.30284 4.78678
25 6.83828 -1.21919 4.73977
26 1.51146 -1.46586 4.84159
27 0.265563 -1.93836 3.13842
28 2.17923 -1.45178 3.28148
29 0.851328 -2.80693 1.80783
30 3.38035 -2.64751 0.792629
31 5.65841 -2.26778 1.11841
32 3.18372 -2.15588 1.04909
33 2.95909 -2.26547 1.21275
34 0.554233 -0.217918 1.79491
35 0.756216 0.543374 2.52149
36 4.14023 1.57889 2.89586
37 1.11026 1.87831 2.05388
38 2.46509 -1.78863 3.85915
39 6.54365 -1.66931 3.98372
40 5.87861 -1.78585 3.93823
41 1.45516 -1.56789 3.91395
42 1.30126 -1.89035 4.04121
43 0.850494 -2.02592 3.63196
44 0.119426 -8.05559 0.574201
45 0.368136 -9.22177 3.65643
46 0.676437 8.06356 3.5664
47 0.489235 9.35465 3.49543
48 0.359195 3.91232 1.63335
49 0.436557 4.70258 0.656695
50 0.229848 4.4976 3.58386
51 0.553487 2.58059 0.0237217
52 0.396063 3.57358 4.95715
53 0.599118 2.91314 6.25153
54 0.52228 2.00969 5.48088
55 0.382768 -0.100421 5.62207
56 0.341535 -0.895675 0.0992807
57 0.512011 -1.05151 4.52972
58 4.87592 -0.881973 4.55501
59 0.111303 4.72675 1.80835
60 0.246927 -2.07036 1.81242
61 0.132034 -3.08312 3.46855
62 0.664606 -1.61248 1.70245
63 0.152271 -2.91377 2.27737
64 3.80056 -1.54995 1.44396
65 0.408875 -1.89843 0.552383
66 2.87036 -1.30688 4.78239
67 0.245697 -1.16322 4.45853
68 10.4416 -1.37019 3.37977
69 2.10934 -2.60986 1.12608
70 0.60469 -2.8419 1.26486
71 4.07066 -2.25508 0.98057
72 0.209792 -2.44483 0.436985
73 2.03881 -2.12529 0.746004
74 0.955092 -2.12395 1.43502
75 1.89771 -1.75335 0.899836
76 0.4876 -1.45991 1.51234
77 0.414182 -1.85399 0.055587
78 0.526583 -0.804235 0.601695
79 1.62105 -1.47364 0.583779
80 0.446583 0.152578 0.126283
81 0.550949 -0.202042 1.03591
82 1.11247 -1.0359 1.43272
83 0.369484 -0.17143 5.37351
84 0.442016 0.768898 1.77206
85 0.24987 1.07367 2.98501
86 1.06894 1.33962 2.33123
87 2.78866 -1.77014 3.92338
88 3.28469 -1.75093 3.7322
89 5.82893 -1.63366 3.86571
90 0.500149 -1.21601 4.00493
91 0.10611 -4.99904 2.08272
92 0.370143 -5.33303 3.52352
93 0.0742452 -7.76732 5.89718
94 0.340139 -7.45957 3.73355
95 0.143847 -9.14437 5.81067
96 0.425337 -7.49937 5.74306
97 0.194881 7.31554 1.71264
98 0.324203 5.43602 4.32259
99 0.265716 6.43882 1.28534
100 0.489802 5.46095 2.0477
101 0.630084 5.19538 0.662724
102 0.558089 4.48492 0.0657721
103 0.434867 3.2557 4.67981
104 0.300377 1.4175 5.57738
105 0.138739 -0.852398 4.72959
106 0.59825 -0.44796 5.93746
107 0.561276 0.286481 0.37887
108 1.39589 -1.00316 6.27259
109 1.43144 -0.869546 6.0342
110 1.96808 -0.286274 6.12435
111 0.0965627 -1.38576 0.616967
112 0.188973 -1.19233 5.26528
113 0.428495 -1.59226 0.518425
114 0.699125 -0.910749 5.36926
115 0.411186 -0.160068 4.19708
116 11.1957 -0.947574 4.73782
117 0.754923 -1.2458 4.65822
118 4.62087 -0.880579 4.6507
119 1.37253 -1.15942 4.536
120 18.461 -0.951674 4.7718
121 4.6667 -0.998589 4.70343
122 1.46638 -0.964198 4.92947
123 1.44433 -1.23361 2.27977
124 5.43587 -1.30442 2.38196
125 0.234651 -4.58413 5.81489
126 0.290343 -5.29414 0.0315303
127 0.350726 -5.34991 0.70172
128 0.188519 -5.69798 5.5493
129 0.997558 -4.13532 0.683662
130 0.00971291 -2.88427 1.0015
131 0.959453 -2.78513 1.64249
132 6.76168 -2.82103 1.68147
133 0.336438 -0.837435 2.22089
134 0.101984 -0.839179 1.47502
135 0.699385 -1.38143 1.70725
136 0.237859 -0.239098 2.30879
137 0.100434 -0.202117 5.35863
138 0.397007 -1.88971 2.47081
139 0.440578 -1.44062 3.7524
140 2.574 -1.51133 3.64717
141 0.624137 -1.43368 3.37819
142 0.319221 -1.22093 3.16327
143 14.6479 -1.43892 1.46417
144 1.23527 -1.49366 1.54559
145 1.44555 -1.5558 1.62524
146 1.60991 -1.3901 1.42669
147 0.854848 -1.73888 1.43989
148 4.59164 -1.49746 1.36388
149 1.50252 -1.49974 1.40538
150 5.40294 -1.53458 1.40574
151 3.14129 -1.66717 1.41357
152 1.33055 -1.4414 1.42273
153 1.19172 -1.5861 1.32672
154 3.43269 -1.61813 1.38527
155 8.44889 -1.46986 1.33548
156 3.12315 -1.50524 1.34483
157 1.00664 -1.44455 1.47812
158 1.14749 -1.7832 1.39324
159 0.14341 -1.95845 0.894598
160 0.131849 -1.46506 1.93462
161 0.107826 -1.08322 0.811658
162 0.899745 -1.38425 2.03175
163 1.35336 -1.46122 1.93666
164 0.720902 -1.33407 1.33872
165 0.300116 -1.58239 1.18948
166 9.60819 -1.29136 4.75134
167 4.23078 -1.29267 4.68584
168 1.19108 -1.26758 4.74118
169 1.81885 -1.19841 4.53602
170 2.8896 -1.25576 4.50708
171 0.431692 -0.912324 2.83669
172 0.0370366 -0.446782 3.83638
173 0.971916 -1.31766 3.61956
174 0.919638 -1.16615 3.14178
175 0.90023 -1.22627 3.39681
176 4.62304 -1.35181 3.32544
177 1.62207 -2.02279 0.950918
178 1.92776 -2.02844 0.874777
179 0.939656 -1.87789 0.94822
180 0.50925 -2.22492 0.890408
181 1.33373 -1.58379 1.14883
182 0.0697478 -1.15 1.21753
183 0.291242 -2.00245 0.922151
184 0.0745386 -1.37034 0.2571
185 0.332465 -0.556602 5.58102
186 0.63695 -0.600398 0.572008
187 0.0497726 1.07852 1.61486
188 0.694319 0.393815 1.81465
189 1.24375 1.19942 2.94271
190 1.33666 1.22523 3.04421
191 0.100959 2.05427 5.34972
192 0.0924194 2.15313 0.608782
193 1.04215 2.11127 2.73156
194 1.34166 2.16825 2.57505
195 4.22748 -1.84645 4.02482
196 1.81053 -1.81853 4.06483
197 6.12938 -1.74133 3.81851
198 6.1603 -1.72003 3.8239
199 1.16168 -1.78375 3.65278
200 0.249358 -1.69902 3.63935
201 0.132898 -4.75978 0.796777
202 0.347327 -4.14275 0.754837
203 0.185985 8.02109 2.13158
204 0.139686 7.55793 1.42185
205 0.563801 5.14854 0.471957
206 1.02765 5.12342 0.296189
207 0.0497718 2.06339 2.75527
208 0.414155 1.96725 1.7821
209 0.644947 1.55854 0.243428
210 0.246749 1.4002 5.02543
211 0.0753012 3.1937 0.378794
212 0.0544287 2.12867 4.44784
213 0.515453 -0.336702 6.2456
214 0.250498 -0.0483551 6.00548
215 0.20139 -0.980306 4.5561
216 0.173973 -1.45211 5.62362
217 0.8217 -1.45951 5.55204
218 0.232534 -1.2473 5.32762
219 0.143222 -0.915573 5.42062
220 0.732699 -0.828511 5.01027
221 6.1007 -1.00265 4.71878
222 12.2785 -0.994112 4.73183
223 4.60289 -0.893447 4.8114
224 1.54978 -0.858727 4.77467
225 2.24395 -0.99149 4.75792
226 1.79985 -1.14946 2.33623
227 3.70781 -1.13437 2.49022
228 0.297143 2.66394 2.48233
229 0.19613 2.86408 2.24517
230 0.441282 2.8661 2.24687
231 0.0763135 -0.206116 4.99726
232 0.0642983 1.47482 5.39528
233 0.341866 -1.30851 1.45394
234 3.19752 -1.4375 1.45159
235 0.805713 -1.62784 1.21741
236 0.459284 -1.41986 1.14109
237 0.44156 -1.22594 1.95954
238 0.256205 -1.40264 2.32172
239 28.8756 -1.28329 4.7667
240 4.41647 -1.26867 4.78641
241 0.825925 -1.34433 4.8232
242 3.46373 -1.3714 4.89829
243 1.38601 -1.37523 4.70534
244 3.96017 -1.33563 4.66349
245 2.00371 -1.18137 3.48481
246 0.0164584 -0.959045 2.54131
247 0.932098 -0.909991 3.69253
248 0.187704 -2.27792 0.795362
249 0.704553 -2.60863 0.961079
250 0.967032 -2.31862 1.113
251 0.662925 -2.25263 0.603196
252 0.649559 -2.09074 1.00209
253 3.69405 -2.12998 1.07991
254 0.162557 -0.539712 1.37876
255 0.0819901 0.31032 2.17408
256 0.419985 -0.810881 1.57515
257 0.445798 -1.11016 1.65929
258 0.0280051 2.31917 4.27623
259 0.317446 1.30758 3.26651
260 0.118837 1.92244 4.44434
261 0.0173381 3.85548 0.837603
262 0.24025 -2.17712 3.78101
263 0.940878 -2.14565 4.06411
264 1.64803 -1.76741 3.88599
265 0.196329 -1.71877 3.97373
266 0.809302 -1.70475 3.97125
267 1.22094 -2.68583 4.06446
268 0.138682 -2.74365 4.5826
269 0.302541 -2.51434 3.13314
270 0.114132 -2.72257 3.8438
271 0.0703083 -2.64811 3.1423
272 0.0644567 -3.28177 0.639859
273 0.0880427 -7.69081 3.03547
274 0.048581 -6.12935 4.24018
275 0.144579 6.95153 5.38145
276 0.50627 6.49878 5.18008
277 0.0435025 1.28451 3.64635
278 1.01176 1.24883 4.30035
279 0.0129299 -0.7204 0.860429
280 0.718436 -0.431862 5.6341
281 0.0534565 -1.05631 1.08661
282 0.217468 0.0599744 0.651576
283 0.280645 -1.131 0.31173
284 0.0886687 -0.514026 6.00387
285 0.310847 -1.20106 5.90021
286 1.2913 -0.990113 5.92719
287 0.925039 -0.667164 5.14488
288 0.715119 -0.717032 4.98643
289 1.57336 -1.08972 4.70217
290 2.64037 -1.04326 4.65497
291 0.205235 -0.797503 4.64564
292 3.59356 -0.953113 4.62466
293 6.57024 -0.8781 4.6649
294 0.875231 -0.881691 4.72109
295 1.12343 -1.13055 4.63067
296 1.28433 -1.02525 4.66979
297 1.75624 -2.75209 1.75301
298 0.211079 -2.57918 1.85284
299 3.40441 -1.64274 1.44188
300 2.76683 -1.61798 1.31029
301 0.655569 -1.42342 3.33008
302 6.77336 -1.36311 3.33547
303 0.283238 -5.40817 1.11761
304 0.118285 -6.59476 3.4825
305 1.28329 -1.39857 2.46346
306 0.0162066 -1.95116 1.69443
307 0.0925429 -4.66662 1.00388
308 0.349823 -5.39292 0.895696
309 0.116141 -4.49037 0.292541
310 0.103162 -3.75002 1.30889
311 2.59781 -2.5609 1.75547
312 0.329126 -2.47833 1.33455
313 0.788224 -2.97164 1.2176
314 0.879662 -2.64923 1.63474
315 0.507883 -2.69367 1.41819
316 1.35498 -1.4834 1.4264
317 1.89433 -1.40726 1.46243
318 1.86498 -1.64084 1.33578
319 0.620454 -1.70425 1.44411
320 2.80815 -1.47705 1.31838
321 4.09322 -1.46153 1.33996
322 0.129712 -1.71491 0.571004
323 0.0439371 -1.79218 2.77963
324 2.24846 -1.6622 1.42745
325 2.22427 -1.35584 1.30966
326 0.257786 -1.36838 4.88121
327 0.37857 -1.63635 4.54125
328 0.777002 -1.0181 3.47585
329 0.542512 -1.18878 3.35738
330 1.96934 -1.40189 3.28673
331 0.743869 -1.51287 3.27639
332 0.463038 -2.77407 0.39264
333 0.248608 -2.64448 0.771001
334 0.137968 -2.71017 0.678237
335 0.124212 -1.81104 0.228619
336 0.0534947 -2.83139 6.27966
337 0.800455 -2.67394 0.640513
338 0.399662 -1.61202 0.567002
339 1.49742 -2.23086 0.894309
340 0.0996804 0.316296 0.21908
341 0.0690608 -1.15395 6.24368
342 0.106743 -1.24981 1.35106
343 0.0386496 -0.473348 3.02371
344 0.0229468 -0.431054 2.89306
345 0.029294 0.00395899 6.10255
346 0.165644 -0.702932 2.05505
347 0.0857781 -1.67201 3.61532
348 0.736774 -1.19855 3.86069
349 0.0936256 6.59582 0.835884
350 0.0299905 8.1323 4.59953
351 0.165424 5.85238 1.27518
352 0.157071 6.55491 1.71108
353 0.0586696 6.0095 2.98396
354 0.165063 6.46796 1.58019
355 0.131285 4.06228 1.27704
356 0.161339 4.11144 0.314125
357 0.119435 4.47392 0.209349
358 0.0595386 3.90037 1.26696
359 0.0467713 3.83283 1.31667
360 0.609033 3.31243 6.24889
361 0.141734 4.50875 1.46987
362 0.0797459 2.62772 5.80254
363 0.0470897 1.60764 2.12331
364 0.273702 2.90345 4.95952
365 0.0188268 1.50084 6.13186
366 0.0515846 2.13632 4.09691
367 0.149519 3.43369 4.76447
368 0.0744165 -0.045897 0.607712
369 0.0325526 -1.7282 3.54216
370 0.268041 -0.96535 3.89433
371 0.0540718 -0.299183 2.96912
372 3.57536 -2.7338 1.78826
373 1.27798 -2.58131 1.77488
374 1.16769 -2.60685 1.66733
375 0.945648 -2.45497 1.91423
376 0.248623 -2.70407 2.03727
377 1.22916 -2.94094 1.45893
378 0.349823 -2.80744 1.61569
379 1.84509 -3.02547 1.66455
380 2.77616 -3.07953 1.68973
381 19.7262 -1.46732 1.47324
382 12.6448 -1.43709 1.46108
383 61.3053 -1.43737 1.46619
384 7.27742 -1.42572 1.48936
385 0.225934 -1.39491 1.33743
386 4.67316 -1.52139 1.30225
387 30.4854 -0.96513 4.78796
388 37.5259 -0.97785 4.78388
389 11.9813 -0.988797 4.78627
390 2.04493 -0.989593 4.79413
391 6.36244 -0.981228 4.75766
392 23.4686 -0.958605 4.72505
393 17.4019 -0.973285 4.77944
394 0.452071 -0.988764 4.65457
395 2.69717 -0.964147 4.77438
396 33.0002 -0.993908 4.74905
397 6.67467 -0.987859 4.75584
398 15.7121 -0.974971 4.78948
399 2.97425 -0.956641 4.79682
