##Input pseudojets size 514 of event 6
## pseudojet_index pt eta phi
0 2.02437 -2.22503 1.7814
1 1.37541 -0.682956 5.80753
2 2.26197 -4.73806 0.821262
3 0.246161 -3.46233 4.81121
4 0.0641301 -7.49846 2.20362
5 0.291477 -8.05367 2.15332
6 0.374702 -8.08022 3.82592
7 0.720392 2.83919 1.09061
8 0.536072 4.69841 0.317395
9 0.589777 5.40539 0.686611
10 0.732975 5.1317 2.40803
11 0.521853 5.57844 1.23366
12 6.04597 -0.325592 3.11007
13 1.28414 -2.00854 4.2879
14 1.21325 -2.55102 4.61629
15 6.74022 -1.17797 0.164212
16 4.45732 -1.24081 0.242532
17 2.5046 -1.46391 5.85295
18 2.63959 -2.00921 5.43487
19 2.02441 -1.48856 1.03259
20 0.0125671 -7.01785 5.77297
21 1.02859 -5.48724 4.27133
22 0.532297 -6.12777 3.06726
23 0.545325 -5.88085 5.482
24 0.339453 -3.78945 0.553403
25 0.0229465 3.23906 3.28111
26 0.776968 1.16398 2.11553
27 8.79295 -1.5136 0.881741
28 0.836136 -0.51346 1.17568
29 0.143122 -1.92696 1.10019
30 3.6241 -0.2569 1.22404
31 0.274778 0.667734 1.67842
32 1.14818 0.671107 1.8337
33 0.315828 1.48798 4.0855
34 1.12886 1.38643 1.38569
35 0.956032 2.82549 5.67284
36 0.0947368 1.5124 2.23218
37 0.0745312 4.24986 1.16311
38 0.114762 9.96621 2.1754
39 0.46853 -4.08736 0.686626
40 0.546962 -0.524534 2.48407
41 0.476139 0.876965 1.49247
42 0.638361 3.11989 0.297526
43 1.16259 6.24883 4.61767
44 0.803773 5.4803 5.52689
45 0.254882 7.07568 4.52958
46 0.164112 6.20251 5.59065
47 0.561056 3.62432 0.911648
48 2.55791 -0.919695 3.90892
49 3.7041 -0.952597 3.83374
50 0.497583 7.00863 2.60311
51 0.0357716 7.75489 5.23252
52 0.0854282 6.01339 5.87233
53 0.986246 -1.09278 2.54032
54 1.33996 -2.45527 4.26414
55 0.428496 -4.85853 6.26094
56 0.524562 -4.99732 2.84249
57 2.24277 -4.93858 2.29524
58 0.434174 -4.95655 0.413347
59 0.504628 -6.30881 5.95744
60 0.0918042 -9.1148 4.62074
61 0.219788 -6.23053 0.958119
62 0.357407 -1.15522 0.0617317
63 2.69046 -0.478374 6.08859
64 0.846363 -1.36391 6.25614
65 1.22796 -0.641194 0.227532
66 0.249139 -2.04089 0.0157806
67 0.712698 -0.705697 0.200989
68 0.351077 -2.01468 1.44357
69 10.1607 -1.30149 1.11149
70 3.37718 -1.41678 1.12248
71 1.96536 -1.2649 1.0159
72 2.53781 -1.38074 1.18621
73 0.204463 -1.42486 1.07518
74 7.12493 -1.31535 1.13122
75 1.72186 -4.77235 0.793563
76 0.187527 -4.80996 0.416289
77 0.288383 -5.1252 1.47759
78 0.045708 -4.45788 3.67466
79 1.19046 -3.33797 0.662725
80 0.571824 -3.99475 1.55687
81 0.108051 -5.14461 1.58647
82 0.868938 -2.78182 0.720616
83 1.52028 -2.49082 2.6089
84 0.235969 -2.74732 4.95072
85 0.179123 -7.71528 1.0092
86 0.254559 -6.30832 3.87978
87 0.0672687 5.90684 4.70417
88 0.359729 2.77402 5.43787
89 0.585792 5.7908 5.79019
90 1.30236 5.51652 0.12475
91 0.154005 5.91576 1.12291
92 0.218719 5.88888 3.89543
93 17.8951 -0.280667 3.13477
94 7.79094 -0.248507 3.09291
95 0.607857 -0.0620025 3.07055
96 7.49795 -0.311189 3.11565
97 0.489153 -0.202926 3.7293
98 0.753644 -0.76967 3.10425
99 0.388843 0.216598 3.09256
100 2.95839 -0.617918 3.33579
101 0.297153 -0.271986 3.12531
102 0.536482 -1.18056 3.4983
103 0.214257 -1.1384 1.70993
104 1.35728 -1.81778 4.3001
105 0.105327 -2.24288 2.24409
106 0.738273 -1.37141 6.26469
107 2.6802 -1.16092 0.243711
108 3.46152 -1.20579 0.21583
109 0.810711 -1.77706 5.52725
110 20.523 -1.9007 5.5672
111 8.75044 -1.94244 5.58112
112 2.9519 -1.28113 1.21016
113 2.66245 -1.70925 1.20551
114 0.620849 -1.55582 1.6614
115 2.92893 -1.57486 0.970526
116 1.8907 -1.43662 1.56393
117 0.257082 -4.65306 3.09825
118 0.177673 -3.95328 1.72223
119 0.14644 -5.73438 4.23223
120 0.331182 -5.07278 4.73666
121 0.236849 -6.58365 5.20138
122 0.963212 -5.14486 5.58647
123 0.200881 -6.37704 1.47671
124 0.435208 -4.85563 4.32153
125 1.28665 -4.28522 5.18994
126 0.476696 -4.48162 3.88334
127 0.144207 -4.56252 3.0371
128 0.126837 -5.04774 4.24488
129 0.417009 -3.07089 2.6692
130 0.712442 -3.55154 5.4351
131 0.689274 -2.10465 5.8592
132 0.314649 -2.77388 4.35071
133 0.156739 -1.60784 2.64875
134 0.502752 -2.69817 4.9891
135 0.135807 -0.63618 1.63851
136 0.413239 0.37493 1.37081
137 0.208303 0.0678452 0.75923
138 0.339249 1.38713 3.14424
139 0.781457 2.07065 2.11429
140 0.470015 0.528453 0.738671
141 0.389363 2.6372 3.38313
142 0.703337 -1.27329 1.63051
143 1.10216 -1.43974 0.707592
144 0.747823 -0.731438 1.63147
145 1.81872 -1.06179 1.52921
146 0.533474 -1.1152 0.795633
147 2.21954 -0.64941 1.7679
148 0.135553 -0.705868 0.651383
149 2.87598 -0.471081 1.62183
150 1.06633 -0.191192 2.02074
151 0.80777 0.0993942 0.769083
152 1.71105 0.97384 0.792731
153 0.0495271 1.99743 4.05075
154 0.452852 1.42938 2.83489
155 0.149439 2.96646 6.13269
156 0.206569 7.66221 0.392904
157 0.30947 9.15134 4.05093
158 0.384434 -6.86603 6.18466
159 0.148475 -6.96816 3.14789
160 0.12308 -6.65171 4.88778
161 0.313728 -5.30794 0.364443
162 0.191365 -4.21682 5.28803
163 0.18442 -4.41809 1.91299
164 0.348202 -2.94089 4.61171
165 0.594891 1.48018 5.91446
166 0.64949 3.96779 3.34621
167 0.168786 2.90979 1.52881
168 0.135268 6.99536 2.05733
169 0.330193 3.53779 0.339975
170 0.328098 3.29236 6.1863
171 0.718854 3.64377 1.8669
172 0.177333 1.66153 1.51662
173 0.631929 2.50361 1.42923
174 0.401533 2.02576 0.0955851
175 0.35492 -0.981037 0.771464
176 0.276136 6.25463 1.84532
177 0.177746 6.18879 0.561713
178 0.262021 5.33183 6.05618
179 0.510776 1.69429 2.09797
180 0.0769717 3.24985 2.7412
181 0.149178 -0.463977 2.20173
182 0.299469 1.65628 0.805207
183 0.175039 -0.219617 1.49813
184 0.265792 0.930127 4.74055
185 0.831964 -1.43791 4.42641
186 0.385905 -2.62288 4.14988
187 0.754234 -2.42934 3.08158
188 0.785462 -4.00552 1.80869
189 1.19517 -5.32246 2.68865
190 0.687391 -5.99306 2.46132
191 0.8254 -6.21305 1.16482
192 0.419667 -6.72689 2.27161
193 4.80005 -1.29164 1.2129
194 0.189167 -5.1277 3.91574
195 0.440135 -4.7612 1.99941
196 0.272803 -3.21759 0.896546
197 0.230538 -2.64426 1.53155
198 0.244658 -3.45811 1.34846
199 1.49869 -3.03501 0.896675
200 0.896797 -4.54495 1.07233
201 2.54504 -4.32114 1.26747
202 0.51596 -4.32911 0.941936
203 0.116457 -2.55702 1.95531
204 0.190997 2.819 6.09931
205 0.725234 3.26911 0.0284551
206 0.356064 2.28492 0.366085
207 0.182337 2.5119 5.97797
208 0.166081 1.77244 6.14984
209 0.285031 5.91923 0.329064
210 0.321793 4.77013 0.870864
211 0.347405 -0.373921 3.79963
212 0.731006 -0.372076 3.53098
213 1.25608 -2.18205 4.91149
214 0.260579 -2.51255 4.32159
215 0.345004 -2.9854 5.78306
216 0.42111 -1.81099 5.23048
217 0.0462601 -2.70361 2.47565
218 0.226662 -2.10689 4.28929
219 2.27839 -1.23379 0.130258
220 1.13519 -1.51833 0.098747
221 0.680406 -1.72848 6.26065
222 0.439076 -1.67434 5.85472
223 0.512425 -1.92604 5.72315
224 0.82676 -1.90659 5.56255
225 5.02224 -1.94503 5.61651
226 0.304579 -2.78466 6.00099
227 0.110389 -3.32065 2.89145
228 0.11719 -6.92257 1.55193
229 0.424367 -5.41767 5.55053
230 0.425744 -6.22559 4.20869
231 0.0661219 -7.00219 4.32355
232 0.544362 -4.26249 4.65439
233 0.441641 -4.36467 4.39808
234 0.215217 -4.628 4.45644
235 0.78627 -4.30779 5.20889
236 0.209169 2.01777 3.49963
237 0.256032 1.90887 0.968764
238 1.15477 -1.45688 1.03254
239 0.414359 -1.26227 1.02333
240 2.2205 -1.68935 0.806481
241 1.19933 -1.60976 0.78404
242 0.0824028 -0.139652 1.01862
243 0.177126 -1.02309 1.67511
244 3.55481 -0.171296 1.17564
245 1.38332 -0.286471 1.2944
246 2.82675 0.00664761 1.17348
247 1.16493 0.19428 1.13207
248 7.74132 0.0215019 1.02769
249 1.03849 0.0454262 1.20218
250 4.01788 0.30855 1.03228
251 0.188369 2.012 4.69002
252 0.178562 1.71998 4.00137
253 1.6359 3.57159 5.15684
254 0.311585 3.22745 4.95436
255 0.0399791 3.29067 3.31555
256 0.189054 5.33497 1.67067
257 0.0387916 6.75614 1.35153
258 0.482491 -5.44155 2.40985
259 0.0040446 -3.40348 4.85187
260 0.115343 -2.51405 3.50357
261 0.124272 -4.77372 3.70974
262 0.536082 1.21492 2.80202
263 0.546441 1.52049 3.8086
264 0.469035 5.42227 2.87502
265 0.257813 5.71047 3.13465
266 0.189632 5.68642 5.06404
267 0.663199 5.90863 5.50328
268 0.142693 6.11408 1.29766
269 0.307451 3.55408 4.91078
270 0.170461 3.52083 4.31325
271 0.577569 1.74478 3.58019
272 0.441286 1.5963 3.35747
273 0.131553 -0.133917 5.36716
274 0.223704 -0.0698277 4.14657
275 0.198633 -0.0423898 3.09143
276 0.730957 -0.254772 3.3756
277 1.32667 -1.13104 3.77437
278 2.21026 -1.05224 3.77387
279 29.4446 -0.947649 3.84433
280 3.80279 -0.960384 3.84505
281 1.67655 -0.976449 3.84231
282 0.186385 7.50016 1.99417
283 0.194986 7.77678 2.96877
284 0.393346 3.56273 5.93036
285 0.187665 3.30015 2.73079
286 0.309702 1.95832 4.62419
287 0.0929099 2.29178 5.36263
288 0.131328 -3.06981 4.76064
289 0.100587 -3.92932 3.89031
290 0.561776 -5.7166 1.98375
291 0.13379 -5.5004 2.42958
292 0.306562 0.340293 0.624141
293 0.0146344 0.805851 4.1679
294 0.0778632 -4.90293 0.937181
295 0.360693 -4.81988 1.76146
296 0.0354608 -2.61356 5.52087
297 0.148949 -3.1528 1.42204
298 0.0922986 6.5051 0.922164
299 0.102835 7.61667 1.68293
300 0.351498 6.394 5.79372
301 0.20505 5.59951 1.31191
302 0.0550633 2.53303 0.481368
303 0.140557 3.85289 6.16928
304 0.0326157 -1.01566 6.18042
305 0.293685 -1.84394 1.04333
306 0.192523 -3.02297 5.02724
307 0.018204 -1.22102 6.05829
308 0.02517 -1.82202 4.32947
309 0.160224 -3.49909 3.29325
310 0.25913 -2.31116 5.48237
311 0.768708 -1.43345 5.63888
312 0.506087 -1.8329 6.25261
313 0.239978 -1.93334 0.345702
314 1.07348 -1.41706 1.15987
315 1.92784 -1.49377 1.10586
316 0.11071 -6.00616 4.73458
317 0.323757 -6.48343 4.20282
318 0.167452 -4.58771 5.73018
319 0.00906314 -2.26481 2.03564
320 0.327086 -4.80603 5.56728
321 0.043058 -4.69527 4.90591
322 0.191302 -4.44553 5.43254
323 0.0612029 -0.186811 0.227855
324 0.802976 -0.0432914 5.91036
325 0.11886 1.97397 2.44559
326 0.279476 1.38567 2.0035
327 0.0261481 2.19899 1.15059
328 0.322161 2.76549 5.94645
329 0.491944 -1.33506 1.0663
330 1.36394 -1.49445 1.02511
331 0.0667762 0.0963176 3.09829
332 0.135268 -0.368753 1.62924
333 1.46095 -0.207374 1.23268
334 0.5161 -0.159262 1.38063
335 0.143967 -0.0371319 2.45469
336 0.0513015 0.487963 0.791386
337 0.183664 3.49192 0.568315
338 0.127525 4.28636 0.23078
339 0.377087 3.26299 1.91485
340 0.222036 2.78259 3.25117
341 0.451249 -3.19068 3.22892
342 0.258246 -3.55118 3.38712
343 0.282417 1.31008 1.58914
344 0.0271792 1.73877 3.25358
345 0.183827 5.18258 0.994612
346 0.0957017 4.8405 6.27894
347 0.0271991 6.09237 0.520267
348 0.384859 5.08256 1.33726
349 0.0381764 4.17848 2.4959
350 0.14466 4.48523 0.278934
351 0.618052 3.64076 6.00053
352 0.0199814 3.80543 4.70928
353 0.335326 2.72362 3.24547
354 0.369155 2.71128 3.6313
355 0.440691 -0.195452 2.95081
356 0.0264125 -0.490482 4.25735
357 0.0398505 5.2286 3.58761
358 0.246898 4.93528 5.04069
359 0.083045 4.1835 3.04105
360 0.15244 3.13497 3.53102
361 0.20259 3.87215 2.25019
362 0.1599 3.8532 1.4817
363 0.813348 -1.34079 3.08217
364 0.0213833 -2.80678 2.82702
365 0.151829 -2.645 2.58269
366 0.100089 -3.24094 3.53055
367 0.213058 -5.32666 1.42876
368 0.10439 -6.15579 1.1252
369 0.0890456 -4.86687 2.90188
370 0.0544845 -3.15006 2.80703
371 4.54008 -1.25263 0.111584
372 5.00968 -1.29103 0.188876
373 0.104571 -1.38683 3.11757
374 0.201727 -2.89864 3.02112
375 0.607334 -2.02189 1.54631
376 0.130314 -2.31424 1.16435
377 10.0303 -1.45095 1.28441
378 0.255562 -1.56052 1.18021
379 5.21212 -1.39894 1.2411
380 0.0138383 -0.878002 5.74075
381 0.492871 -1.47409 1.18162
382 0.0781955 -5.26142 0.854786
383 0.280829 -4.47692 1.28473
384 0.0983811 -4.17576 2.37431
385 0.0245888 -2.47534 5.15736
386 0.0399992 -3.7626 2.74336
387 0.312711 -2.98093 1.80744
388 0.163752 -3.12476 2.97938
389 0.0216847 -4.14946 6.24028
390 0.449161 2.83352 0.0876127
391 0.803361 -2.44472 4.77186
392 0.420129 -2.37763 4.54895
393 0.131925 -1.98629 5.65608
394 0.272812 -2.29383 5.00354
395 7.62581 -1.2932 0.183699
396 0.0912504 -2.75787 2.73682
397 0.140449 -3.41284 1.70291
398 0.383664 -4.06242 4.56689
399 0.0145007 -4.13756 4.30636
400 0.114048 -3.91768 3.94105
401 0.110912 -2.68668 0.578122
402 0.0487322 -2.49703 2.87964
403 0.0776356 -3.2553 1.26627
404 0.0800149 -1.9096 0.319279
405 0.150449 -2.30971 4.29385
406 0.0195654 -0.908409 0.808282
407 0.180137 2.85614 1.26191
408 0.0414136 2.37126 2.93414
409 0.764265 1.05381 0.611779
410 0.374439 0.0418078 2.07109
411 0.188915 2.77689 5.73866
412 0.119198 0.944907 0.314688
413 0.0519605 1.53011 2.1846
414 0.0849928 -0.870697 1.05832
415 0.488933 -1.49233 0.859493
416 0.252661 -1.70939 0.893445
417 0.444116 -1.38741 1.13444
418 0.467068 -1.03152 1.01514
419 0.330282 -1.28653 0.785018
420 1.12077 0.205626 0.983656
421 0.93536 0.272392 1.09739
422 1.67853 4.01133 4.78137
423 0.0626483 -2.8269 4.1778
424 0.120351 -2.9946 5.94397
425 0.152822 0.951442 5.47027
426 0.110467 0.350713 0.0551508
427 0.136146 0.758487 4.98273
428 0.225841 0.00997929 4.90757
429 0.0102493 2.52672 5.15674
430 0.303151 0.48762 5.38088
431 0.222004 4.49569 5.39433
432 0.0298129 4.43133 1.06561
433 0.418175 3.91614 5.34728
434 0.0113234 4.23943 2.71895
435 0.0380485 5.46603 3.32129
436 0.123058 4.46635 5.3068
437 0.31811 6.26869 4.3769
438 0.101928 5.9285 5.05706
439 0.287515 5.02457 0.855897
440 0.113061 6.19879 3.38873
441 0.446462 -1.1328 4.29128
442 0.145268 -0.608873 4.30067
443 0.0518013 6.40299 2.47799
444 0.102508 7.23923 0.554874
445 0.13094 1.06631 4.17352
446 0.115099 1.90013 4.87517
447 0.0437362 1.29756 0.257696
448 0.0786997 2.41632 3.09069
449 0.239251 1.47304 4.39296
450 0.116569 1.90788 3.70007
451 0.0686081 -0.524936 2.6428
452 0.0450795 -2.55314 2.24141
453 0.151783 -0.255515 3.40373
454 0.189127 -0.47161 2.6169
455 0.724643 -3.17363 4.45877
456 0.249993 -5.00878 3.92006
457 0.12921 -4.23396 2.85864
458 0.0446263 6.1168 5.46765
459 0.192698 5.92364 3.8562
460 0.0368346 3.56129 4.40765
461 0.100387 4.69554 0.540873
462 0.35487 -2.59972 4.93287
463 0.0199889 -2.28946 3.1241
464 0.0300014 -2.77014 5.99147
465 0.0920723 -4.49308 4.00026
466 0.0807985 2.92791 0.629287
467 0.122737 2.14293 5.75935
468 0.206048 1.40528 1.67291
469 0.0425088 0.523542 0.485976
470 3.84646 -1.51783 1.22825
471 6.47334 -1.36869 1.10569
472 1.45365 -1.25729 1.23144
473 10.9538 -1.39765 1.17132
474 3.16997 -1.4093 1.1516
475 0.577591 -1.20412 1.01719
476 1.89279 -1.31935 1.07526
477 0.37638 2.60295 5.22198
478 0.023297 -1.46709 0.703956
479 0.189463 -1.89518 4.08763
480 0.107706 -2.30927 4.70023
481 0.14777 -2.10309 5.80544
482 0.0385136 -0.874917 3.87475
483 0.270223 -1.70315 4.93608
484 5.52123 -1.20896 0.176122
485 10.1017 -1.21078 0.182835
486 0.0749248 3.36388 3.41857
487 0.102157 3.77209 5.09527
488 7.13391 -0.988443 3.82097
489 0.0931952 -1.27922 1.61441
490 0.0678048 -0.745012 3.48521
491 0.057789 0.271613 2.21266
492 0.127303 -0.714108 3.49115
493 0.221002 -0.657848 2.43882
494 0.314132 -0.476229 2.92244
495 0.0724297 -3.24597 4.82845
496 0.220587 -2.56848 3.98948
497 1.25192 2.73202 0.375476
498 0.687398 2.22939 6.06856
499 18.1912 -1.22073 0.187591
500 10.8391 -1.21603 0.179342
501 26.2805 -0.949855 3.81689
502 14.7536 -0.949677 3.78544
503 3.04396 -0.932977 3.77418
504 41.1567 -0.975415 3.82355
505 6.60666 -1.23726 0.187405
506 14.8267 -1.2267 0.178775
507 9.76945 -0.922024 3.78799
508 8.77159 -0.922245 3.80257
509 30.2451 -0.999046 3.84276
510 2.12501 -0.988206 3.83457
511 7.13177 -0.975264 3.8024
512 11.7015 -0.9849 3.80669
513 6.39703 -0.994774 3.81877
