##Input pseudojets size 467 of event 2
## pseudojet_index pt eta phi
0 24.5687 1.68274 0.612093
1 0.254556 -2.07912 4.61487
2 2.28455 -0.660382 3.83871
3 2.3522 6.11151 1.53146
4 1.26174 5.9138 2.22948
5 0.538858 6.38544 5.92791
6 0.247839 7.18656 1.85437
7 9.03249 -1.3032 3.25482
8 0.365596 -1.57527 4.00499
9 0.457341 -1.14285 1.48901
10 3.71058 -6.56309 0.690663
11 0.979836 -7.44078 0.0217195
12 0.324528 6.96774 3.79342
13 0.239285 6.30671 6.17084
14 0.990108 -1.94223 3.98869
15 0.443958 -2.6021 2.23091
16 1.77732 -2.73066 3.2744
17 0.667598 -1.93571 0.370793
18 0.16398 -4.83215 3.22718
19 0.938898 -1.98003 1.51136
20 0.345446 -0.985959 4.26331
21 0.0936299 -1.56521 0.920733
22 1.58868 -0.619227 4.11685
23 1.96723 -0.694712 4.52776
24 1.11905 -0.350639 4.68816
25 6.45829 -0.442288 4.07115
26 6.35863 -0.539758 4.35949
27 1.74979 -0.542094 4.74934
28 1.70579 -1.45978 1.25198
29 0.480079 -0.341685 0.682562
30 0.97517 -1.66722 0.499107
31 0.309436 -1.25367 6.24213
32 0.409536 -2.95155 4.79605
33 1.45228 -2.27837 6.01259
34 2.2855 -3.45871 6.20775
35 2.15106 -4.53985 6.27998
36 0.42694 -5.13244 3.09138
37 1.03967 -4.62191 0.964973
38 0.5303 -4.40328 5.10181
39 0.443264 -4.74088 0.989334
40 1.68333 -3.92064 2.93911
41 0.839437 -0.890331 3.80262
42 0.47128 -1.08394 5.01903
43 1.33283 -1.20353 0.329974
44 0.55226 -0.777587 5.14388
45 0.774303 -0.840682 1.79186
46 0.535858 -1.76917 1.13234
47 0.722992 -1.4228 1.23344
48 42.1208 -0.289553 4.31328
49 92.6498 -0.280518 4.32323
50 51.1615 -0.288361 4.32081
51 2.54711 -0.263255 4.22869
52 3.83471 -0.51612 3.98818
53 3.44214 -1.28367 0.741464
54 6.24365 -1.13695 0.762564
55 5.84655 -1.4907 0.945668
56 70.6224 -1.45509 1.18958
57 0.637291 4.48438 0.886379
58 0.399804 5.85662 3.43404
59 1.34066 4.74302 1.20967
60 0.962973 4.43289 0.794972
61 0.0769816 2.7344 6.05448
62 0.672566 4.18514 1.32692
63 0.363235 1.8737 2.36162
64 2.10231 1.74615 1.11118
65 1.75465 1.38625 0.113095
66 0.373464 1.75997 2.2155
67 0.142745 1.46946 0.461096
68 0.596516 -0.214589 5.11267
69 0.609668 0.960119 2.77652
70 0.146062 0.00854837 4.83836
71 2.14457 0.274027 2.57596
72 0.235608 1.90529 1.9399
73 2.54576 -0.160429 2.53346
74 0.27129 -5.64037 5.88696
75 0.512335 -2.16502 4.62681
76 0.15887 -0.408949 4.1535
77 0.144311 4.04968 3.32308
78 0.429304 3.37764 3.74369
79 0.914188 -3.83398 4.24198
80 1.17155 -4.43057 4.57189
81 0.928913 -4.79503 4.24486
82 0.792989 -5.46449 2.53755
83 0.510835 7.64205 4.67135
84 0.262551 4.62134 3.02132
85 0.211574 1.2471 1.10771
86 0.425918 -1.45109 2.87908
87 0.339626 -4.49127 4.13545
88 0.186625 -5.99847 3.81793
89 1.1016 -1.02481 2.87588
90 0.123769 0.618057 2.54232
91 0.2017 8.17375 1.49097
92 0.738845 5.56551 1.47551
93 0.371349 -3.35143 4.09871
94 1.0339 -2.67161 0.70888
95 1.07164 -0.856855 4.27335
96 1.42112 -0.970677 4.45076
97 1.59119 -0.48217 4.33513
98 1.32686 -0.517634 4.2328
99 0.539625 -0.680208 4.84412
100 5.33241 -0.81126 4.60137
101 0.605393 -2.11268 1.20344
102 1.7012 -1.4025 1.45073
103 0.39929 -1.17174 1.9585
104 0.506661 -3.32099 6.19766
105 1.08001 -3.17881 5.84517
106 0.705411 -4.39068 6.17171
107 1.10806 -3.96765 0.414057
108 0.49977 -3.39814 0.294934
109 1.6938 -0.73046 4.36888
110 0.658242 -0.869014 5.13462
111 0.160933 0.167893 4.45264
112 1.51563 -0.652925 5.28659
113 0.806122 -1.32174 0.442661
114 0.294558 0.00904807 5.77479
115 1.33194 -1.46116 2.0009
116 67.4825 -0.286975 4.3192
117 2.6991 -0.273786 4.33973
118 25.9692 -0.292104 4.33893
119 3.31052 -0.22131 4.44102
120 0.978311 -0.313598 4.76738
121 2.25417 -0.00988139 4.16117
122 2.48435 -0.585119 3.99917
123 22.1499 -1.19228 0.758854
124 1.22003 -1.12647 0.825812
125 0.932026 -1.33413 1.43505
126 0.834565 -1.28349 1.48606
127 2.65091 -1.34283 0.978965
128 6.03801 -1.57335 1.16661
129 3.32214 -1.63628 1.16277
130 20.3205 -1.49219 1.17855
131 5.138 -1.53358 1.22946
132 1.26836 3.81384 1.61034
133 0.60393 4.39131 1.50719
134 0.330796 3.30719 5.43863
135 0.494044 2.57826 4.97675
136 2.47756 2.45638 3.73296
137 2.23465 2.274 3.73898
138 0.718908 2.77202 4.2546
139 0.944407 2.08502 3.91158
140 2.14552 2.32547 3.95274
141 0.635084 2.46349 5.17044
142 0.154765 1.96661 2.73601
143 0.881414 2.38076 4.42057
144 0.136714 3.56418 5.19917
145 1.53716 2.58533 0.287019
146 0.774425 0.216422 5.62734
147 0.388665 0.543401 2.46711
148 1.45009 0.955456 3.29634
149 0.115044 0.452188 2.60629
150 0.639918 1.00772 2.90185
151 1.17177 0.221945 2.48303
152 0.327996 0.914555 3.30682
153 0.0897288 0.76282 3.85709
154 1.28884 -5.05688 1.00105
155 0.308475 -3.37584 0.635056
156 0.333608 -3.15236 0.606525
157 0.270337 -0.626464 3.23481
158 0.561068 -0.614877 0.538794
159 0.321757 1.29215 4.81637
160 0.219276 2.51976 2.31707
161 0.230496 3.0394 5.49586
162 0.29265 -6.57982 4.13974
163 0.186744 -4.78364 5.98038
164 0.970332 -3.74822 4.11185
165 0.970886 -4.91724 4.48969
166 0.454702 -4.7972 5.03714
167 1.14916 -6.38545 4.67694
168 0.277779 -6.37881 4.94723
169 0.54177 6.26429 5.75299
170 0.82472 5.41479 6.06493
171 0.163977 5.0278 2.40145
172 0.0155857 4.29632 5.29355
173 0.925115 2.20141 1.48776
174 0.838117 0.0691895 4.89495
175 0.315555 -5.76304 2.71761
176 0.40058 -5.67959 4.83182
177 0.530636 -6.6614 2.78509
178 2.62641 -0.378279 3.9281
179 58.6416 -0.273786 4.32478
180 0.663355 -1.09068 0.87837
181 0.694626 -0.665495 2.1113
182 2.92804 -0.659772 2.20581
183 0.782645 -0.353128 3.64975
184 0.342895 -0.603038 2.92884
185 0.476965 6.34114 1.77042
186 0.0266228 8.00744 5.0383
187 1.02043 6.15013 4.14332
188 0.126981 6.52717 5.32613
189 0.0887507 5.47882 4.4522
190 0.813919 6.43997 3.1156
191 0.269007 6.15611 2.07646
192 0.041902 6.6712 1.24486
193 0.268904 5.4449 3.44706
194 0.272284 6.05608 2.13167
195 0.177433 6.64127 1.97403
196 0.145259 -3.1779 0.317746
197 0.00921959 -0.438622 0.571637
198 0.160345 -2.21077 2.63072
199 0.670295 -2.50027 2.92352
200 0.237324 -1.10247 5.0744
201 0.0345163 -0.477497 3.59336
202 0.412423 -0.832667 4.66198
203 0.755312 -0.985545 4.47443
204 2.36797 -0.720391 4.26778
205 1.60901 -0.788322 4.28065
206 0.89012 -0.842743 4.05099
207 0.110966 -0.546299 3.74
208 1.5099 -1.53117 1.17977
209 0.262017 -1.70766 1.06761
210 0.0573013 -0.431964 1.32125
211 0.852929 -0.876439 0.903549
212 0.127645 -0.462128 1.91577
213 0.160167 -0.200324 1.01734
214 0.127573 -1.23475 3.06198
215 0.065168 -0.00850758 2.34705
216 0.0387603 1.58118 0.7036
217 1.33357 -2.34283 6.11239
218 0.0230462 -2.3501 5.32207
219 0.551756 -3.09921 0.0513316
220 0.0433263 -2.19884 0.348034
221 0.359929 -0.48611 3.74799
222 0.480568 -0.186712 4.76933
223 0.150351 -0.365522 4.54316
224 0.528463 -1.09052 4.36606
225 1.22878 -0.537724 4.82348
226 1.04767 -0.926396 4.89035
227 0.305761 -0.888394 1.12763
228 0.862998 -0.761291 1.35808
229 0.438731 -2.21777 3.67437
230 0.103507 -1.76608 4.11811
231 0.391149 -1.75816 1.04361
232 0.105354 -1.29402 2.3294
233 0.212849 -1.53988 1.11179
234 0.424261 -1.85992 0.796711
235 9.99101 -0.268392 4.32928
236 27.7204 -0.278981 4.32235
237 3.72542 -0.440952 4.03667
238 1.78189 -0.569835 4.12799
239 1.91583 -1.17579 0.59303
240 1.02873 -0.907549 0.604402
241 0.260559 -0.939051 0.875311
242 1.6033 -1.138 0.937777
243 5.91494 -1.5944 1.16671
244 4.49799 -1.56522 1.1398
245 127.185 -1.46354 1.18858
246 120.162 -1.46161 1.18786
247 0.014341 7.91319 0.966281
248 0.183961 5.7397 0.907639
249 0.405197 5.28474 5.87104
250 0.245774 4.93466 6.13249
251 1.03568 3.52974 1.78726
252 0.273079 3.54769 1.5334
253 0.134204 3.62081 3.35416
254 0.138629 3.13118 4.40298
255 0.430093 2.58564 3.86907
256 0.418052 2.33355 3.26204
257 0.495328 2.50131 0.250512
258 0.475886 2.54064 5.76189
259 0.417556 0.172615 2.41354
260 1.20572 0.44902 2.32758
261 0.548358 6.14774 0.0817739
262 0.0602399 5.89992 5.64995
263 0.166311 5.8077 5.40355
264 0.295344 6.3971 4.8169
265 0.243805 -4.09334 3.92934
266 0.329111 -5.21532 4.13371
267 0.129919 -3.9898 3.90933
268 0.620137 -4.42868 3.73472
269 0.1007 -5.31606 1.33257
270 0.106225 -4.59615 2.47116
271 0.161959 4.7022 4.76483
272 0.148531 4.01893 0.457653
273 0.0399669 3.24239 5.47989
274 0.349559 3.53228 0.366591
275 0.0328462 -4.52204 2.07218
276 0.0318658 -2.34847 2.36054
277 0.140591 -1.70891 4.89596
278 0.85283 -0.116924 3.17054
279 1.72392 -0.308271 2.90304
280 0.158229 5.31368 1.15161
281 0.174574 5.63094 1.91722
282 0.329188 -6.65183 1.77964
283 0.146309 -6.17755 1.39107
284 1.09169 -5.56162 2.97792
285 0.0678109 -6.10532 3.14525
286 0.957323 6.17539 0.96881
287 0.033826 5.81667 1.63898
288 0.0568887 -2.35328 1.72674
289 0.899071 -1.98242 2.197
290 0.0835948 -1.66007 2.58404
291 0.01241 -4.59896 3.38976
292 0.785971 -0.736661 4.32372
293 1.69324 -0.620087 4.33295
294 0.443097 -1.29534 1.43513
295 0.630372 -1.17833 1.20765
296 0.0718665 -1.64127 3.56564
297 0.0682399 -0.277351 4.90846
298 0.14984 -4.62256 4.5036
299 0.025651 -5.51356 1.69139
300 0.383859 -0.941155 3.9254
301 0.123676 -0.396573 4.20885
302 1.8443 -0.125733 4.44955
303 0.317132 -0.190276 4.2851
304 0.927029 -1.46854 0.718112
305 0.0762718 -1.95671 0.597206
306 1.62723 -0.193964 4.3422
307 4.35384 -0.244637 4.34405
308 0.0254173 -1.55357 6.21476
309 0.107792 -0.0663307 3.10271
310 2.14503 -0.749148 4.17887
311 0.0811753 -0.450233 4.05789
312 7.62848 -1.18858 0.803221
313 0.903244 -1.15437 0.764829
314 1.67454 -1.26924 0.479991
315 1.2419 -1.23166 0.565742
316 0.192453 -1.36464 0.344796
317 0.724391 -1.48788 0.686279
318 1.28539 -1.58978 1.1313
319 0.932716 -1.51933 1.0301
320 1.64952 -1.52756 1.15224
321 2.64566 -1.47251 1.18605
322 3.20531 0.76769 2.52598
323 0.390311 0.882218 2.48813
324 1.52108 0.103403 2.7576
325 0.149947 0.382638 2.72016
326 1.88073 -4.67087 0.886645
327 1.03989 -4.74906 0.943216
328 0.281823 -4.83573 2.11759
329 0.178531 -4.47936 1.62926
330 0.0884552 -2.22228 1.50379
331 0.35708 -1.54146 1.1941
332 0.0893691 1.8546 0.773082
333 0.0532696 2.84552 2.73485
334 0.293944 2.34331 6.056
335 0.171719 3.02415 4.03346
336 0.19455 -2.93375 4.43227
337 0.599215 -3.27473 4.23474
338 0.0513634 6.74915 5.17883
339 0.272151 7.79122 5.52049
340 0.460548 6.01849 4.49355
341 0.0922147 7.30702 2.90008
342 0.295654 4.60546 4.08541
343 0.0510716 4.94622 5.18349
344 0.0734412 1.73967 3.46371
345 0.0803546 2.22502 5.47189
346 0.159034 -0.56163 2.21645
347 0.0682438 0.435376 3.01158
348 0.114806 -5.95117 4.53279
349 0.194271 -5.72713 5.43897
350 1.17794 -0.076675 3.29684
351 0.485213 -0.464046 3.65019
352 0.41374 -6.65662 0.350366
353 0.722838 -6.2971 1.02184
354 1.56976 -0.492428 4.25048
355 0.409758 -0.117693 4.47202
356 1.38552 -0.913751 4.50871
357 2.04523 -0.675952 4.56065
358 7.36815 -1.58116 1.14319
359 1.09783 -1.61715 1.05095
360 0.36376 -0.660159 2.16793
361 0.442477 -0.340337 2.26815
362 0.0742285 0.0891443 1.81311
363 0.267764 -0.820807 1.98633
364 0.157862 -0.836718 1.29886
365 0.100123 -0.316598 2.27288
366 0.0428768 -1.47174 4.59312
367 0.103267 -0.841254 2.00252
368 0.149581 7.79217 1.34315
369 0.0315601 7.39659 3.93079
370 1.26134 -1.20624 3.64284
371 0.275464 6.62632 4.07569
372 0.106208 6.10831 3.47654
373 2.05893 6.1433 3.93554
374 0.139595 6.61886 3.81651
375 0.114735 5.0299 3.30182
376 0.131092 5.37635 2.20334
377 0.220493 -1.6802 1.02804
378 0.155334 -1.18765 1.56787
379 0.0503444 -2.40891 1.84738
380 0.257026 0.65812 5.5712
381 0.263946 -2.328 6.23161
382 0.106739 -1.55606 0.0921586
383 0.0256445 -0.602507 0.236143
384 0.104852 1.10554 4.38015
385 0.390124 -1.00702 5.37366
386 0.0303024 -0.110432 6.22497
387 0.188858 -0.615973 5.20999
388 0.20294 -0.0719411 4.79219
389 0.225563 -0.554418 5.76999
390 0.144078 0.155624 5.95714
391 0.3285 -0.587035 5.26071
392 0.256029 -0.844359 5.65053
393 0.0423086 -0.781369 4.88629
394 0.509922 -0.459065 5.77537
395 0.497087 -2.14676 0.827974
396 0.0540584 -1.34509 0.814807
397 4.7627 -0.270977 4.32647
398 9.5193 -0.290783 4.32337
399 0.183903 -0.770777 4.12162
400 1.29155 -0.566199 3.93505
401 0.665121 -1.34159 0.86032
402 0.256692 -1.04542 0.724715
403 11.0876 -1.45983 1.1857
404 3.63904 -1.47384 1.16972
405 0.106053 5.35996 0.137001
406 0.0776694 4.19759 1.00131
407 0.06746 2.72838 5.25279
408 0.275177 3.36525 4.48436
409 0.129725 2.70147 3.53766
410 0.287101 2.03311 3.69782
411 0.108808 1.76612 0.770725
412 0.441226 2.34362 0.962377
413 0.558188 2.46379 0.755743
414 0.704251 2.25667 0.813178
415 0.0297294 2.91467 2.61582
416 0.209968 2.39175 0.719805
417 0.0411707 2.33343 0.786445
418 0.0335372 4.82731 4.97259
419 0.0616771 2.42292 3.54704
420 0.0226333 -0.152128 5.03959
421 0.0323627 -0.834085 3.04475
422 0.0282238 2.24331 2.5946
423 0.117717 1.07832 4.34488
424 0.253936 1.43008 3.63395
425 0.418556 0.300716 2.56209
426 0.6551 0.326278 2.30488
427 0.22803 6.4466 3.02167
428 0.0279619 4.91997 2.8276
429 0.0590587 -3.87966 5.81305
430 0.187469 -4.97196 5.23127
431 0.0952119 3.90555 5.67764
432 0.0380152 4.95228 2.94595
433 0.360245 -1.53178 0.843307
434 0.284049 -3.20166 5.99851
435 0.021016 -0.0676609 3.44724
436 1.37162 -0.442127 2.73196
437 0.247556 -0.380734 2.89371
438 0.67912 -0.0696065 2.99763
439 0.0760859 -0.363992 4.04446
440 0.281829 -1.12553 3.40236
441 0.479482 -1.4763 3.29972
442 6.87755 -1.14152 3.5072
443 1.78112 -1.22909 4.0058
444 0.109181 -1.26474 6.13647
445 0.0172154 -1.0891 4.82221
446 0.146063 1.02158 5.79298
447 0.0758744 1.22879 6.10379
448 0.108132 0.953132 1.46358
449 0.440814 0.239872 0.0722204
450 0.568599 1.01484 1.21869
451 0.408149 0.101635 0.208242
452 0.179571 1.55089 0.400292
453 0.015134 4.35149 3.0592
454 0.133958 2.13008 4.45826
455 0.124589 -0.707635 5.81247
456 0.100823 -0.661171 0.820595
457 0.499225 1.02275 1.03329
458 0.224773 0.96914 1.43536
459 2.04167 -1.6919 3.95311
460 1.35053 -1.25603 3.37785
461 0.431864 -1.67892 4.01544
462 0.559072 0.725108 0.708934
463 0.285111 -1.20074 3.78006
464 0.276629 -1.5964 3.51015
465 0.231236 0.499574 3.79663
466 0.0478325 1.53442 4.50202
