##Input pseudojets size 781 of event 5
## pseudojet_index pt eta phi
0 3.13294 0.277587 3.14731
1 0.30555 0.591318 3.10529
2 1.13376 0.481287 5.52848
3 0.69617 4.54769 5.09302
4 1.04106 7.95558 4.68496
5 0.327089 -2.42789 5.84463
6 1.05712 -3.20839 4.82574
7 0.234977 -2.55852 5.82234
8 0.59186 0.18828 4.6325
9 1.13066 -2.61476 4.18286
10 0.33454 2.30618 3.66118
11 0.32954 4.76019 3.06647
12 0.198508 7.24979 3.82794
13 0.305113 5.32627 4.41221
14 0.564082 4.74903 1.4614
15 0.510031 3.25459 5.40916
16 0.763248 1.52776 1.68142
17 0.585602 1.89067 0.607266
18 0.323924 1.92282 5.14571
19 0.500972 -1.77379 2.17876
20 0.347342 -0.649697 2.6013
21 0.473488 -1.21447 4.4413
22 0.446828 -1.92517 4.92177
23 0.815305 -1.08948 5.7201
24 0.277161 -0.710099 3.394
25 2.55392 -1.335 5.43263
26 0.191757 -0.938814 2.28163
27 0.638772 -0.375515 4.84239
28 1.26193 -0.25057 0.662663
29 0.985296 -0.254034 6.00188
30 0.480102 -1.70545 0.250203
31 0.28886 -2.06757 0.113192
32 0.851712 -2.42678 5.67731
33 10.5979 0.876117 0.0297048
34 5.8266 0.846779 0.0463646
35 5.34582 0.840978 0.0792639
36 4.00948 0.829891 0.0724055
37 10.8825 0.830011 0.0213186
38 7.66532 0.796548 0.0847226
39 21.6124 0.909213 0.113228
40 2.59025 0.812411 0.260978
41 0.166122 0.246616 1.01552
42 1.57382 1.14906 6.0081
43 2.03527 0.511591 5.54115
44 1.87021 0.757723 0.093462
45 1.55273 0.693117 0.0491954
46 0.86423 0.198882 0.340053
47 0.315803 0.253652 1.50924
48 6.73405 0.681842 0.288218
49 4.77109 0.559803 0.292705
50 23.6864 0.712144 0.293058
51 49.1255 0.723197 0.294233
52 83.9251 0.717581 0.28275
53 3.7838 0.691027 0.265945
54 20.8925 0.337053 2.90179
55 12.9721 0.325854 2.84149
56 4.32458 0.264225 2.80121
57 1.85675 0.38974 3.25976
58 34.9456 0.304673 3.25118
59 13.1766 0.286316 3.27253
60 21.1687 0.312686 3.23688
61 0.263115 -1.14224 0.925572
62 0.120438 -2.41349 0.767293
63 1.01518 -4.41254 2.7702
64 1.15122 -5.75545 2.24353
65 0.368129 -5.37259 3.16792
66 0.303622 -5.91328 2.12526
67 1.46683 -5.59485 1.98475
68 0.14635 -7.81787 2.08899
69 0.440376 -5.4967 1.41783
70 0.122016 -6.04181 5.16312
71 0.504287 6.41985 5.79758
72 0.392969 6.13906 0.647352
73 1.45769 5.8253 0.493168
74 0.409884 4.00272 3.04621
75 0.375243 1.46534 3.30438
76 0.243041 4.18652 2.38195
77 0.207945 4.56733 4.27673
78 0.706771 2.13456 3.62312
79 0.132637 -5.15699 0.776329
80 0.0980682 -2.95567 2.20957
81 0.753873 -1.7362 2.45619
82 0.0665215 0.086835 5.35321
83 2.04523 -1.53021 2.07841
84 1.0463 -0.851454 3.32809
85 0.183614 2.28904 5.90928
86 0.361359 -0.198649 4.40725
87 0.64415 -2.07537 0.976945
88 0.432818 -1.61546 4.48348
89 0.504784 1.9523 5.88871
90 0.212012 1.41105 3.42762
91 0.386753 5.46319 3.11259
92 0.702671 6.23254 5.6431
93 0.351853 2.44319 5.57253
94 0.053576 2.80383 0.29373
95 0.362389 4.28887 1.5863
96 0.602449 5.76817 4.98725
97 0.300155 5.3835 4.24588
98 0.566226 4.67595 0.719124
99 0.550116 2.10388 4.37767
100 0.144972 4.40148 4.54968
101 0.0458867 -1.02758 2.78178
102 0.765137 -0.341561 3.69638
103 0.364607 -1.90681 2.49311
104 0.0741235 -6.14356 1.47781
105 0.453648 -4.77663 0.057965
106 0.054237 -6.71911 1.34846
107 0.541048 -4.95612 5.02882
108 0.10102 -5.33815 1.11668
109 0.387543 -4.30865 3.70659
110 0.0295784 -7.066 1.52044
111 0.758155 -3.82558 3.86899
112 0.222348 -5.53959 1.07959
113 0.554926 -3.6871 1.67538
114 0.267411 -2.80536 5.16474
115 0.611274 -1.65505 3.14722
116 0.45052 4.01635 0.443488
117 1.4906 3.6557 4.25542
118 0.411832 -1.99318 2.49212
119 0.793551 -2.73342 2.01322
120 0.971055 -2.78108 2.11246
121 0.779921 -2.80926 2.70097
122 0.57123 -3.76251 1.62033
123 0.293193 -2.56791 5.48481
124 0.1002 -3.9402 5.46947
125 0.149177 -4.84627 3.62749
126 0.848428 -3.17126 0.794197
127 1.10964 -3.91823 1.51104
128 1.21453 -4.21155 2.13504
129 3.02052 -3.74229 2.60193
130 0.829786 -2.04764 4.08766
131 0.40645 -2.43968 3.48402
132 0.701765 -2.69991 3.2436
133 2.3522 -1.64927 3.49142
134 4.7595 -1.80689 3.59318
135 1.02438 -0.821404 4.54833
136 2.48499 -0.971558 4.11206
137 1.01162 -0.500052 4.15608
138 3.18521 -0.698484 3.5315
139 42.4398 -0.760339 3.33894
140 28.5854 -0.768264 3.36834
141 23.033 -0.766582 3.33935
142 32.998 -0.771176 3.34258
143 34.4777 -0.784124 3.3355
144 44.6636 -0.769188 3.3318
145 4.1113 -0.808998 3.36786
146 2.67398 -0.886698 3.35945
147 2.49733 -0.578372 3.26322
148 5.06463 -0.947694 3.37954
149 4.7801 -0.649219 3.30283
150 2.16173 -0.239641 3.42513
151 1.10847 0.912772 3.13721
152 2.79901 0.379444 3.61245
153 1.92682 0.348142 3.44546
154 0.314979 6.36892 1.03461
155 0.117104 -2.14663 5.15099
156 1.89516 -1.51749 5.55889
157 1.36522 -1.94025 5.96001
158 0.27502 -1.13383 0.000118619
159 0.649439 -1.9004 1.19896
160 0.189258 -1.96865 3.57794
161 1.38164 -1.60189 2.07317
162 1.07633 -1.75205 1.60918
163 0.293738 -0.241969 2.0566
164 0.459631 0.190956 4.94245
165 0.530059 -0.738527 2.95033
166 0.51563 -0.696802 1.14889
167 0.133557 -1.06901 2.6011
168 0.763265 0.375817 1.347
169 3.11898 1.90161 4.46196
170 0.22224 2.85225 0.320186
171 0.903519 1.2016 4.28001
172 0.574747 0.55798 4.94748
173 1.28517 0.409983 4.91079
174 0.0775561 0.872963 5.78911
175 0.440632 -0.87 4.88158
176 0.881042 -1.74508 5.10816
177 0.275979 -2.6803 3.51999
178 0.329774 -2.18708 5.10662
179 2.58015 1.97126 0.225471
180 0.124273 4.82125 4.16671
181 0.630567 5.86127 6.02579
182 0.290392 3.58815 0.984136
183 0.515535 3.5123 4.16536
184 0.918096 2.84105 2.23984
185 0.549009 2.05111 2.18292
186 0.38987 2.17056 3.67855
187 0.338509 -1.064 3.37643
188 1.05841 -0.456651 2.93985
189 0.369009 -2.405 3.18886
190 0.420101 -1.37478 5.96169
191 1.10792 -0.133922 5.26037
192 0.166363 -1.76403 1.02145
193 1.35277 -0.273652 5.65648
194 1.05807 0.224111 0.741773
195 1.83746 -0.308574 0.661656
196 0.927422 -0.725098 6.17669
197 1.47194 -0.106732 0.23357
198 0.824332 -1.87936 5.10276
199 0.255775 -2.30841 5.23873
200 0.560206 -2.54116 0.104511
201 1.10849 -2.08099 5.33616
202 16.8837 0.810617 0.0572249
203 4.96036 0.88855 0.0367368
204 4.34722 0.747491 0.0552377
205 1.59954 0.972173 0.204854
206 13.1857 0.827201 0.0384369
207 1.38219 0.869115 0.162459
208 6.00988 0.860533 0.293518
209 5.34545 0.959465 0.146754
210 0.686247 0.680707 0.0325086
211 8.84625 0.485571 0.235122
212 18.6755 0.478554 0.247182
213 3.27436 0.410096 0.212657
214 3.85891 0.601252 0.300731
215 3.41363 0.599922 0.203443
216 3.84051 0.641625 0.290705
217 60.4381 0.717773 0.287995
218 43.7485 0.719883 0.281403
219 102.539 0.721201 0.292354
220 6.76921 0.323256 2.83191
221 5.43385 0.289337 2.9196
222 4.7574 0.123879 2.77068
223 10.8098 0.300672 3.22919
224 11.7093 0.302965 3.30491
225 6.35106 0.301783 3.27817
226 77.732 0.305696 3.23781
227 0.215356 -2.0189 4.75181
228 0.253242 -4.81483 1.84307
229 0.246224 -3.1926 5.60714
230 0.670821 -5.42149 2.53454
231 0.836722 -5.24028 1.8447
232 0.543257 -6.98655 3.68123
233 0.377551 -7.20581 1.89546
234 0.472001 4.47488 4.75229
235 1.16045 4.96946 5.02899
236 0.221809 5.90961 0.243235
237 1.50798 5.45204 0.0795715
238 1.14293 4.98126 1.58245
239 1.01419 4.14423 1.20136
240 0.556692 2.70151 3.59483
241 0.595451 1.85994 3.14004
242 2.65487 2.41142 4.4663
243 0.183741 3.17774 3.71835
244 1.18769 2.23838 3.95896
245 0.27313 -6.11349 5.21559
246 0.186687 -6.90219 0.25222
247 0.466146 -4.97698 3.4282
248 0.342936 -4.68677 3.89958
249 0.477265 -5.12452 5.39068
250 0.285767 -4.82633 0.931508
251 0.946365 -1.87869 2.26896
252 0.240003 -0.230846 2.59169
253 0.972749 -1.42895 2.14235
254 0.270897 -0.996527 5.29277
255 0.0646878 -4.9517 1.00125
256 0.187591 -2.86666 5.28108
257 0.137754 -0.967493 3.47054
258 0.447403 1.40619 5.04633
259 0.705621 2.07756 2.24461
260 0.137492 6.27251 4.73709
261 0.428845 4.00124 3.62394
262 0.747593 -2.57597 4.58118
263 1.23871 -2.21874 5.31245
264 0.513064 -1.80952 5.36833
265 0.510081 -3.12051 5.4665
266 0.168608 3.41869 4.25712
267 0.622932 4.01539 2.28645
268 0.830787 -1.1056 0.669539
269 0.247683 -2.09709 5.8999
270 0.504034 -1.72579 4.56215
271 0.337505 -3.34971 3.44592
272 0.251562 -3.34077 6.23314
273 0.457889 -6.03361 6.08433
274 0.850894 -7.15313 5.40962
275 0.163966 -6.81695 1.18222
276 0.966771 -3.3635 5.60909
277 0.512868 -4.30303 4.56222
278 0.182919 -2.52696 2.01785
279 0.303425 -3.92983 5.51838
280 0.671278 -2.83473 5.01636
281 0.523401 -3.27405 3.56455
282 0.351695 -4.88001 3.12023
283 0.765558 -4.96051 3.84696
284 0.209834 -3.74727 4.94371
285 0.448207 0.0858122 0.767748
286 0.131701 3.73891 1.17043
287 0.417221 3.73994 4.6582
288 0.169179 -3.94646 4.26571
289 0.627516 -3.49522 1.83114
290 0.563437 -3.75067 0.499389
291 0.812046 -3.14095 2.50827
292 1.96106 -3.6785 2.42699
293 2.78768 -1.13766 4.11513
294 2.14374 -0.608983 4.22986
295 6.78026 -0.764506 3.41455
296 7.64948 -0.805884 3.43433
297 9.99005 -0.745221 3.37999
298 10.3444 -0.761802 3.35882
299 6.72283 -0.790744 3.29258
300 0.580163 0.595534 4.36531
301 0.925939 0.0982354 2.85193
302 2.50496 0.78308 3.75752
303 3.1714 0.774534 3.64718
304 5.06635 0.690456 3.78641
305 2.63487 0.22028 3.28051
306 46.4867 0.283159 3.24301
307 0.610097 2.11736 4.43135
308 0.283552 -2.2775 0.587718
309 0.28698 4.66748 2.87766
310 0.367666 4.54661 2.47744
311 0.772493 -1.9917 0.11547
312 0.349583 -1.90384 6.15362
313 0.349291 -1.98452 1.47022
314 0.649757 -1.85804 0.481895
315 0.167874 0.153504 3.73952
316 0.199277 0.650389 4.28727
317 0.146931 -2.74152 3.76711
318 0.0551247 -4.53281 3.8543
319 0.946696 0.734394 3.48214
320 0.0860356 1.11136 3.19853
321 2.04865 0.388476 3.6224
322 0.380109 3.07124 0.0676743
323 0.18761 2.22432 6.17417
324 0.209497 3.77424 1.25136
325 0.0480535 4.27291 2.59827
326 0.113406 3.30623 3.21571
327 0.936776 3.36339 5.21002
328 0.365074 3.64141 3.3303
329 0.141233 4.90522 0.170472
330 0.531363 4.9044 4.09879
331 0.319459 4.57851 3.50048
332 0.191768 4.34996 4.97614
333 0.222069 4.98342 4.86226
334 0.517691 -2.35934 2.59122
335 0.0560889 0.0571974 3.27747
336 1.22084 -1.89017 5.70277
337 1.60636 -1.96965 5.75726
338 1.69888 -2.2789 5.87586
339 1.20632 -2.27146 5.96989
340 0.21365 -1.48726 0.213999
341 1.82166 -2.29753 6.21712
342 4.03651 0.798954 0.0402758
343 4.74298 0.81267 0.0485015
344 29.0372 0.804834 0.0477387
345 37.3058 0.803123 0.0412829
346 8.41419 0.812387 0.041862
347 5.79582 0.808417 0.0441121
348 2.89511 0.807925 0.0651951
349 7.29059 0.899061 0.0999375
350 10.1771 0.89236 0.114103
351 1.56003 1.20399 6.20384
352 0.0627199 0.271998 1.5586
353 0.13211 0.631899 4.23654
354 0.0158264 2.69537 6.17226
355 0.530134 0.648208 6.16456
356 0.0014933 3.8583 0.324188
357 0.828194 0.660279 0.0216723
358 0.660194 0.709525 6.04045
359 0.99671 1.22192 6.18207
360 0.115812 1.71095 0.575851
361 0.197708 0.193781 5.72076
362 0.611172 0.49194 5.47269
363 3.70244 0.44397 0.294299
364 1.46554 0.4092 0.247941
365 6.18304 0.447593 0.212549
366 29.7612 0.457747 0.232293
367 4.98082 0.486976 0.274459
368 9.49096 0.502513 0.215659
369 1.19724 0.552207 0.178319
370 3.83 0.451057 0.197931
371 0.166415 0.81059 6.03018
372 0.249608 0.484898 0.331113
373 6.31292 0.277226 2.89401
374 2.59594 0.342332 2.92621
375 1.75208 0.282529 2.94691
376 3.52366 0.27511 3.26542
377 2.40525 0.282736 3.31115
378 19.6434 0.301406 3.24424
379 56.183 0.297611 3.24569
380 60.6888 0.297733 3.2353
381 137.345 0.296367 3.24337
382 40.704 0.29119 3.23622
383 12.1984 0.297573 3.25088
384 0.235372 -1.35177 5.28522
385 0.335204 -6.00455 0.0104896
386 0.511104 -4.22997 1.15593
387 1.08133 -4.16519 1.25654
388 0.317757 -4.76614 1.81357
389 0.34789 -3.97199 0.217483
390 0.145824 6.04145 2.62628
391 0.107527 5.91782 3.71829
392 0.235042 5.82792 6.07786
393 0.43567 5.9405 6.02699
394 0.369036 5.23932 0.124182
395 0.577099 5.08469 5.99609
396 0.364466 5.23945 5.74519
397 1.9785 2.0138 3.5011
398 1.2151 2.525 3.9109
399 0.251205 2.76579 3.94866
400 0.125522 2.32595 3.81664
401 0.339455 2.90801 4.30966
402 0.238941 2.82619 3.9603
403 0.46563 2.85306 4.45247
404 0.634185 2.02926 3.46438
405 1.05481 2.05032 3.62824
406 0.0580875 -7.90439 3.66012
407 0.0728115 -6.33705 4.831
408 0.164055 -1.96694 4.22042
409 0.342616 -0.861483 0.969886
410 0.492609 0.359628 1.95714
411 0.144202 -0.194192 4.79858
412 0.281212 1.73096 1.53518
413 0.401571 1.1969 3.18483
414 0.0830597 1.73377 1.34213
415 0.206319 3.17829 3.7162
416 0.153844 3.89588 3.5246
417 0.11877 7.66785 2.80211
418 0.038027 7.31655 6.24596
419 0.261721 2.70066 1.35815
420 0.216668 2.6797 0.554854
421 0.106164 0.93303 6.20559
422 0.0592009 0.379854 4.33795
423 0.158087 3.31849 1.99875
424 0.0283959 4.54191 0.244073
425 0.0665661 4.55798 1.37011
426 0.208499 4.88768 0.209166
427 0.209737 -5.56369 5.58378
428 0.204029 -6.44076 5.0354
429 0.157387 -5.63596 1.06139
430 0.411096 -5.45562 6.15854
431 0.164014 -4.92544 0.359765
432 0.866512 -5.2672 0.461085
433 0.103356 3.47321 1.76833
434 0.319771 3.89648 2.3859
435 0.0846596 -3.70678 2.94071
436 0.49101 -3.51165 2.29713
437 0.616779 -3.7251 2.31415
438 0.394099 -2.99553 3.16311
439 0.0740563 -3.12137 5.71444
440 0.0729409 -2.23425 1.27178
441 1.07058 -3.47041 2.23957
442 0.305323 -3.24235 2.18038
443 0.0607676 -2.61838 3.6376
444 0.405928 -4.44758 1.0763
445 0.170314 -3.79705 1.78066
446 0.0158568 -2.80052 3.28112
447 0.286837 -2.08875 0.879171
448 0.136462 -4.41472 3.62066
449 0.190301 -4.63918 5.25366
450 1.51793 -3.58276 0.76556
451 0.895077 -3.6499 0.671182
452 0.147659 -3.68504 3.23034
453 0.412695 -3.68114 2.67651
454 0.434863 -1.1907 3.84754
455 0.244855 -1.59639 3.91283
456 0.180115 -2.42105 2.87561
457 1.99583 -1.74389 3.48376
458 0.190443 -1.62762 3.80443
459 0.490934 -2.01181 3.59086
460 0.479123 -1.58842 4.26333
461 0.326882 -1.98964 3.86691
462 0.509164 -0.788536 3.76713
463 1.12869 -0.465491 3.54593
464 7.08663 -0.777502 3.50107
465 1.71929 -0.750657 3.44049
466 19.9143 -0.774429 3.36703
467 22.083 -0.775964 3.37328
468 1.44569 -0.532733 3.29575
469 0.192191 -0.462819 3.04878
470 0.688363 -0.390138 2.57776
471 0.281864 -0.694852 2.55953
472 0.88778 -0.00652237 3.05904
473 0.185905 0.580386 3.16162
474 1.20002 -0.121328 3.58995
475 0.554876 0.152041 3.7948
476 0.193578 0.999978 3.90625
477 1.43192 0.820334 3.80418
478 0.394432 0.491839 3.94985
479 17.0836 0.724264 3.87027
480 0.011484 4.11638 1.44804
481 0.23133 5.82262 5.53649
482 0.516207 -0.359991 6.07585
483 0.178421 -0.0594782 0.120986
484 0.0150508 -2.34469 0.258916
485 0.197942 -0.937079 3.86873
486 0.277607 -1.06793 5.63699
487 0.00870578 -3.07395 0.90989
488 0.345317 1.52143 1.83531
489 0.136998 1.0548 1.42828
490 0.576183 2.10472 5.16193
491 0.0084082 1.4905 2.83552
492 0.105267 0.253503 4.19633
493 0.118981 1.33915 4.59345
494 0.225939 1.49413 2.65414
495 0.108468 1.52122 3.54513
496 0.192951 0.578539 1.70812
497 0.172958 1.07733 1.16099
498 0.0354168 1.682 2.01664
499 0.09559 0.147671 0.178754
500 0.876674 -0.720492 5.10103
501 0.227268 -0.996418 4.97919
502 0.102992 -1.31158 5.45859
503 0.157241 -1.98857 0.00452478
504 0.0398751 -3.2593 2.42368
505 0.146246 -2.55995 0.540348
506 0.169906 -3.72911 2.54076
507 0.140216 -4.08681 3.36069
508 0.221634 2.67741 1.12089
509 0.181499 2.92059 0.482821
510 0.192968 0.527884 5.49328
511 0.120412 -0.316338 5.661
512 0.143758 -1.71783 2.94476
513 0.0336039 -3.08522 4.30993
514 0.25724 -0.761729 2.68882
515 0.0826521 -0.680976 1.73038
516 0.331317 -1.11686 4.93476
517 0.225158 -1.28791 5.4026
518 0.47172 -0.0414114 5.78155
519 0.0690199 -0.319347 5.07264
520 0.437773 -0.43869 0.974143
521 0.199443 -0.611929 0.548336
522 0.880595 -0.127652 0.331313
523 0.15349 0.113691 0.608365
524 0.0673119 -2.22216 4.85901
525 1.01295 -1.87481 5.24259
526 0.633545 -2.16285 5.7051
527 0.48725 -2.29235 5.91096
528 0.0321445 0.507025 5.90071
529 2.52826 0.527507 0.095092
530 30.1932 0.477806 0.210722
531 11.1865 0.484249 0.207196
532 2.86405 0.532035 0.242574
533 3.00172 0.552082 0.284018
534 0.158072 1.2905 0.324326
535 0.732424 0.899928 0.270722
536 13.2486 0.721386 0.270255
537 19.6153 0.715627 0.276333
538 0.0410898 1.66848 4.58111
539 0.115986 0.144428 3.52564
540 0.597565 0.397862 3.07108
541 2.31618 0.290142 3.11044
542 7.90765 0.281342 3.23506
543 6.34495 0.290975 3.21862
544 1.84353 0.272146 3.23664
545 24.003 0.28337 3.25354
546 0.16326 -4.00492 5.87996
547 0.219445 -3.3368 6.09323
548 0.100007 -6.23257 2.22889
549 0.305931 -5.70299 2.79166
550 0.392959 3.0022 0.673916
551 0.0598665 3.08642 0.220972
552 0.178415 3.08907 0.243834
553 0.153015 6.87776 1.76325
554 0.0760778 6.39714 0.534248
555 0.446155 4.16067 1.47708
556 0.710514 3.96315 1.34156
557 0.0775589 4.59032 5.81346
558 0.395055 4.23428 0.227329
559 0.314944 4.47638 1.02267
560 0.205105 3.36552 1.66209
561 0.0194631 3.24379 5.02344
562 0.851014 2.44235 4.36136
563 1.24383 2.28428 4.26627
564 0.136053 3.08699 4.04025
565 0.165469 -7.14108 2.13171
566 0.275265 -6.77058 2.64849
567 0.297733 -4.80657 1.1588
568 0.0620412 -5.72532 1.44469
569 0.253354 -2.85248 3.00555
570 0.180631 -2.32265 3.33994
571 0.197353 0.284493 1.2736
572 0.256641 0.465718 0.693859
573 0.142056 0.923904 0.598077
574 0.429917 0.495521 0.934309
575 0.161319 0.12969 2.48213
576 0.119031 0.673178 3.30933
577 0.24086 2.43291 5.61782
578 0.287508 2.89635 5.82907
579 0.232262 -1.75865 0.551555
580 0.122511 -2.53677 0.491032
581 0.0278152 -5.79315 3.14786
582 0.421356 -5.90491 1.80809
583 0.106629 -5.48986 0.946393
584 0.0661639 -6.66785 6.16699
585 0.756071 -5.58394 0.257503
586 0.879598 -5.74875 0.270579
587 0.152049 -4.58429 6.09332
588 0.621381 -4.85138 5.04749
589 0.0426946 -3.43099 1.98454
590 0.229966 -2.89589 3.33478
591 3.99751 -3.21447 4.32809
592 0.387224 -3.07827 4.24224
593 0.196152 -6.36888 3.55896
594 0.497154 -5.96199 3.42108
595 0.236394 -5.1617 1.94954
596 0.0204473 -6.87125 1.70007
597 0.427443 -5.68199 3.40901
598 0.327307 -5.87129 3.7173
599 0.302119 0.703976 4.95594
600 0.193447 0.411369 5.4354
601 0.421761 -3.64054 0.965601
602 0.227256 -3.38823 1.32259
603 0.408459 -2.48353 3.36828
604 2.12195 -2.18159 3.60611
605 0.13195 -0.846885 3.31408
606 0.135702 -0.343262 4.21516
607 0.0203446 -1.91197 4.01273
608 0.310975 -0.492703 3.2871
609 0.349118 -0.48084 3.08907
610 0.661548 -0.695557 3.26989
611 0.128172 -3.24569 2.36972
612 0.441454 -2.20961 0.89366
613 10.8082 0.278599 3.25597
614 1.41688 0.247253 3.3081
615 1.25489 -0.858657 4.21965
616 3.68671 -0.737781 4.08721
617 0.311332 -2.02977 0.81649
618 0.329172 -1.71272 0.539163
619 0.460104 -2.17125 1.27787
620 2.10922 -2.29861 1.32819
621 0.06213 -1.38281 2.28295
622 0.0728401 -1.54912 5.38228
623 0.501336 -2.46274 5.04536
624 0.0634646 -2.70626 5.7779
625 1.75659 0.12781 3.44038
626 1.02459 2.57459 0.169115
627 0.259307 2.59031 6.19015
628 0.0985897 6.08382 2.73493
629 0.037562 4.36591 1.59337
630 0.225567 -1.31179 5.87747
631 1.12197 -1.90795 4.93461
632 0.12786 -0.851511 2.51579
633 0.228738 -1.53899 2.15124
634 0.408849 -1.66847 3.9323
635 0.0657176 -2.25763 5.11288
636 0.32063 -0.882671 1.73967
637 0.0247204 -0.0706498 0.369072
638 0.050567 -0.401866 2.3601
639 0.111058 -1.09009 0.404013
640 0.0763512 -1.60371 6.08981
641 0.0421308 -0.327116 3.39853
642 0.62898 0.870109 0.0940984
643 3.42853 0.883663 0.0961655
644 59.5164 0.824608 0.0437284
645 14.4599 0.816907 0.0429589
646 2.92595 0.801238 0.0377859
647 9.9231 0.825024 0.0299303
648 0.0819856 0.564486 0.285948
649 0.189312 1.56874 0.00631217
650 0.236309 1.47649 0.0455483
651 0.118109 0.753434 0.373817
652 0.0327724 0.691915 5.60958
653 0.37556 1.81133 5.912
654 0.155818 0.858393 4.67613
655 0.0350698 0.0355225 0.27787
656 22.4227 0.457629 0.230098
657 30.346 0.460357 0.225701
658 4.05409 0.529076 0.197253
659 2.87973 0.489601 0.198722
660 7.57949 0.489594 0.211084
661 5.70434 0.474666 0.196993
662 0.668395 0.166403 2.83197
663 0.982978 0.247086 2.97776
664 1.01371 -1.77722 5.69058
665 5.46264 -1.50835 5.61801
666 2.13275 -1.87757 5.80472
667 0.0669529 -4.4498 1.72023
668 0.138936 -4.98964 0.320233
669 0.0875224 -4.85734 2.44791
670 0.0491462 -4.05048 4.90433
671 0.0421511 -6.39317 2.71814
672 0.0585104 -4.16608 2.63523
673 0.103517 -5.99708 4.78357
674 0.124873 -5.36681 3.73699
675 0.191421 -4.20462 1.83399
676 0.0493753 -4.057 0.310278
677 0.460759 5.498 1.15636
678 0.0951765 5.82537 1.7181
679 0.0716642 5.72324 0.00902371
680 0.0342353 7.91889 0.59078
681 0.625513 4.50742 5.88504
682 0.110359 4.56559 2.83111
683 0.0681953 3.68762 1.46204
684 0.153588 4.50403 3.05546
685 0.119859 4.30177 4.07276
686 0.170665 4.33204 2.77035
687 0.207067 3.67048 3.01941
688 0.151592 2.6297 3.875
689 0.103624 1.77415 3.24653
690 0.208755 2.65351 4.02601
691 0.0338993 2.29008 2.23286
692 0.571556 2.26119 4.0044
693 0.367881 2.14438 3.7334
694 0.0536701 -6.36629 4.4741
695 0.116918 -6.76209 0.14331
696 0.0226903 -1.83917 4.29671
697 0.166542 0.0465994 4.57742
698 0.108907 1.76187 4.75951
699 0.0999172 2.67475 3.84383
700 0.147597 3.57552 1.44706
701 0.0466511 2.59317 0.0771606
702 0.0403985 -0.852222 5.25111
703 0.159876 -1.45974 0.760719
704 0.0924751 -0.843402 6.21529
705 0.0877333 -0.141387 4.77875
706 0.262744 -0.850729 6.00789
707 0.0279174 0.437521 5.22539
708 0.219905 -5.70321 4.21002
709 0.258589 -5.22475 3.91385
710 0.141688 -5.90517 5.43311
711 0.536621 -5.69572 5.87906
712 0.48967 -3.58832 1.69781
713 0.176502 -3.28094 2.29627
714 0.228087 -3.99774 5.17615
715 0.0261203 -4.80882 3.42262
716 0.142172 -3.53632 3.38482
717 0.149966 -3.02612 4.17217
718 0.298535 -2.63274 3.55577
719 0.021354 -4.15662 3.78019
720 0.55286 -2.52197 2.98117
721 0.0214707 -3.54198 2.33677
722 0.233642 -1.80239 2.69719
723 0.0694375 -2.79416 2.45977
724 0.157172 -2.79556 2.75576
725 0.443901 -2.2931 2.81338
726 0.039891 -1.04861 4.78988
727 0.662559 -1.53169 4.10469
728 0.599736 -0.608036 3.32896
729 0.660873 -0.811216 3.26153
730 0.0351347 0.341815 3.58205
731 2.34769 0.165429 3.143
732 0.211 0.342301 2.64741
733 0.0432028 -0.532949 3.7971
734 3.13618 0.744659 3.63006
735 0.0324031 -0.0258716 4.6267
736 0.142694 -0.164882 1.76694
737 0.0918562 0.5074 2.3863
738 0.893794 0.543267 1.91215
739 0.812366 -2.14206 5.72177
740 1.28807 -2.21498 5.83178
741 0.264765 -2.36576 6.00993
742 0.0255555 -2.18355 1.63355
743 0.938759 1.74401 3.72744
744 0.0556134 1.75694 3.1279
745 0.148789 2.17301 3.80794
746 0.134098 2.59045 2.92105
747 0.0216758 -0.713598 2.88161
748 0.285449 -1.48817 4.61011
749 0.561738 -0.582851 4.11023
750 0.100445 -1.14197 4.06483
751 0.0979105 -2.62181 0.57081
752 0.380567 -2.11319 1.04934
753 0.0401669 -2.40782 1.61828
754 0.418443 -1.55675 1.0495
755 0.017203 -2.78364 4.5955
756 0.202388 -1.66886 1.07228
757 0.186815 -2.97697 2.79114
758 0.489303 -2.28903 5.67867
759 36.839 0.80493 0.0490696
760 0.210196 5.84639 6.10968
761 0.0501605 6.80199 0.717814
762 0.0897292 -3.53427 2.94173
763 0.390832 -3.06742 3.49427
764 0.191934 -2.7672 3.55085
765 0.0817389 -2.87061 2.41867
766 0.317544 -3.3677 2.96968
767 0.0503767 -3.43733 1.84665
768 5.47476 0.694647 3.75692
769 3.5099 0.794316 3.82416
770 2.61954 0.801969 0.0615738
771 0.128899 0.580824 0.0816697
772 0.00606647 1.07283 0.0179427
773 4.58735 0.718989 3.67223
774 7.05823 0.691479 3.74229
775 1.68132 0.820954 0.0978897
776 1.36859 0.767161 0.0269974
777 20.0122 0.796622 0.0551839
778 12.2544 0.803667 0.0502178
779 0.0507977 0.445746 4.44306
780 0.627166 0.660672 3.70124
