##Input pseudojets size 621 of event 7
## pseudojet_index pt eta phi
0 0.966802 -3.47143 1.61018
1 0.568688 -8.34642 1.38099
2 1.67054 -3.43535 0.0515741
3 0.404161 -3.60592 2.37473
4 0.896293 -4.56406 2.74879
5 0.197885 -3.78832 3.47338
6 0.298601 -4.19543 3.24202
7 0.583804 -5.62842 6.04001
8 118.49 -0.644624 0.636287
9 161.458 -0.648665 0.636959
10 40.1322 -0.63651 0.636007
11 14.0539 -0.639333 0.531422
12 0.351211 -2.00723 4.05347
13 1.91671 -0.953908 0.753492
14 27.9956 -0.709375 0.527901
15 38.9482 -0.685586 0.553116
16 11.2019 -1.03965 0.605683
17 7.11341 -0.940055 0.670159
18 1.95619 -1.0451 0.613495
19 8.66123 0.199011 3.56123
20 15.0776 0.170036 3.55686
21 14.2592 0.159764 3.59322
22 31.4414 0.136845 3.61974
23 38.6467 0.150052 3.61528
24 52.4644 0.13365 3.61783
25 5.72549 0.101836 3.64623
26 4.92779 0.0190104 3.73307
27 14.9891 0.0596319 3.76734
28 0.231114 -1.31253 0.456091
29 0.760051 -4.58403 4.48904
30 0.648426 -5.01627 3.13681
31 0.236363 2.58688 3.83427
32 1.11243 1.38132 3.26981
33 0.265725 2.85054 2.8911
34 0.515821 3.6754 2.31448
35 0.288106 3.81929 4.96985
36 0.301863 6.30122 0.121952
37 0.0864351 5.47411 2.15839
38 0.561993 5.0741 3.71525
39 0.468258 7.63754 2.01409
40 0.443335 9.60797 6.10873
41 0.585795 2.86087 4.56353
42 0.874152 1.04276 3.16026
43 0.873948 0.82972 4.40007
44 0.372289 1.77801 4.06407
45 20.5749 -0.016531 4.0342
46 5.25621 0.01129 4.02017
47 1.37105 -0.441194 3.74287
48 1.03375 -0.346173 4.28761
49 0.885782 0.666693 3.10415
50 0.698596 3.06411 0.738699
51 0.841134 2.01524 5.15108
52 0.241312 2.77746 1.08492
53 0.617942 1.95973 4.91724
54 0.836644 4.104 4.71779
55 0.284112 4.08892 1.13934
56 0.224636 1.47754 2.75675
57 0.866893 -0.660977 6.07785
58 1.12293 0.409188 2.26034
59 0.784207 -0.385529 3.03954
60 1.26163 -0.943001 2.79214
61 0.894695 -0.120575 2.32889
62 0.56933 -2.0412 0.247598
63 0.650358 -1.81846 6.05271
64 0.240804 -1.34716 2.80032
65 0.673439 -1.22098e-05 5.80277
66 0.862583 0.338245 0.726727
67 2.02102 2.06118 5.96795
68 0.282668 1.67366 6.02285
69 2.33898 3.63274 0.257782
70 0.699424 2.64705 1.70633
71 0.340623 3.81377 3.98182
72 0.472001 3.83377 0.0533886
73 0.338997 3.39578 5.5057
74 0.959805 -2.62914 4.14914
75 0.206293 -3.13008 1.78016
76 0.41892 1.06433 0.0770251
77 0.337183 -0.574323 6.06715
78 0.262085 -3.40479 4.70166
79 0.295947 -4.15353 2.5294
80 0.531834 -4.26372 5.19732
81 0.187744 -4.66842 1.67382
82 0.815523 -5.02882 0.572419
83 0.353477 -3.69312 0.637049
84 0.497996 -3.17176 6.00524
85 0.781851 -3.05277 1.98475
86 0.590736 -0.993669 4.87985
87 15.2 -0.559183 0.82263
88 0.400445 -7.53479 1.17952
89 0.616049 -7.1792 5.70487
90 0.256848 -2.73438 1.21888
91 1.77542 -4.46223 2.79282
92 0.338459 -5.0194 0.456404
93 1.30247 -4.43094 4.15541
94 2.6819 -4.07967 4.04664
95 23.066 -0.640095 0.646864
96 5.39698 -0.702554 0.636607
97 6.38017 -0.602311 0.591905
98 16.0835 -0.664016 0.65017
99 16.1261 -0.648597 0.626354
100 11.4034 -0.632282 0.617719
101 9.63332 -0.719706 0.536206
102 0.487205 -2.13456 0.217623
103 0.228847 -0.718225 1.06296
104 25.8806 -0.746031 0.539101
105 6.22308 -1.03964 0.682824
106 15.8742 0.152914 3.55482
107 17.5126 0.169327 3.59513
108 10.4982 0.15112 3.64533
109 10.5625 0.0922774 3.6128
110 0.637427 0.243196 3.91757
111 15.5463 0.0418662 3.79385
112 17.0903 0.0223239 3.76724
113 10.0601 0.0897577 3.76728
114 21.6828 0.0285736 3.75835
115 4.62547 0.0901106 3.8445
116 105.165 0.0484647 3.78016
117 19.9223 0.0502917 3.79314
118 0.16501 1.27759 0.804512
119 0.352349 0.246992 5.47691
120 0.48312 0.790627 6.15114
121 0.82128 -0.435154 2.97948
122 0.414494 -2.35248 0.302379
123 0.795153 2.32289 2.75383
124 0.45416 3.50843 2.97908
125 0.678271 4.13089 2.90635
126 6.42897 2.69598 5.47691
127 4.66558 2.78033 5.37193
128 5.96296 2.68556 5.58973
129 1.73723 2.75182 5.32867
130 1.96987 2.98258 5.29978
131 1.04611 2.50892 5.6601
132 0.330813 1.90715 3.63816
133 1.39777 -1.68457 5.70585
134 1.12716 -1.41833 5.72394
135 1.14242 -1.70991 5.95646
136 4.00342 -1.55329 5.81752
137 4.04589 -1.59688 5.70206
138 6.79426 -0.0445357 4.03526
139 17.4512 0.0316969 4.02637
140 14.3641 -0.0343813 3.99373
141 0.586674 -0.00536955 3.80019
142 0.226081 2.91133 4.73939
143 0.527321 0.670719 4.81671
144 0.469077 1.48907 1.984
145 0.449375 1.94122 2.40761
146 0.182119 0.447428 4.592
147 0.571843 -0.642455 2.01298
148 0.304743 -0.812943 5.4155
149 1.73995 -0.282341 1.67208
150 0.801495 0.809724 2.97827
151 0.171118 1.0128 2.34309
152 1.06143 -1.01596 4.6263
153 0.455953 -0.243747 3.9369
154 0.489187 -1.79911 5.01012
155 0.229248 -1.43429 1.7704
156 0.829682 -1.86395 3.01311
157 1.04225 -2.29804 1.5553
158 0.373678 -1.63791 0.0919064
159 0.00799461 -3.37805 3.43143
160 0.18042 -3.7902 4.78802
161 0.613516 -2.84911 5.06964
162 0.245956 -1.88819 6.26896
163 0.287434 -2.495 4.50063
164 0.767218 -0.833896 4.64452
165 0.286047 1.25702 0.377582
166 1.67723 1.66716 5.50633
167 0.559025 1.64135 5.97671
168 1.48391 2.36227 5.76
169 0.785126 1.96543 0.248698
170 0.797565 3.45825 5.84575
171 0.170843 3.3116 0.278288
172 1.67039 3.28764 1.53535
173 0.225236 4.30889 1.90845
174 0.406736 4.94814 3.21556
175 0.504067 4.93616 5.07956
176 0.292806 3.70194 3.05004
177 0.519339 3.12014 4.55197
178 2.12381 2.42242 4.87665
179 0.586814 0.389951 1.81463
180 0.0894335 2.41062 0.637622
181 0.38936 0.0639542 5.51336
182 0.193531 -3.43326 4.21376
183 0.154157 -6.02774 1.7345
184 0.592219 -4.93468 0.0381597
185 0.469719 -5.55629 4.7836
186 0.427022 -5.79027 4.57509
187 1.82081 -6.32256 5.71782
188 0.152906 -5.73494 4.19647
189 0.314287 -4.18671 0.225456
190 0.263532 -5.21895 1.71418
191 0.365703 -4.04845 0.744292
192 0.265225 -0.103424 2.41346
193 0.948749 -0.867496 1.28649
194 1.83268 -0.680523 1.00914
195 0.527782 -0.732022 0.198717
196 2.30902 -0.618319 1.00428
197 2.51989 -0.64637 0.869575
198 11.3651 -0.524159 0.791587
199 6.40082 -0.420745 0.808443
200 3.5795 -0.508541 0.942541
201 15.326 -0.642807 0.577883
202 1.48616 -0.731638 2.33616
203 47.2893 0.138478 3.62193
204 9.92115 -0.0279192 3.93873
205 0.944659 -2.66116 0.634914
206 0.780887 -3.08444 2.16083
207 0.0846843 -4.44258 0.392447
208 0.596224 -4.15961 1.64667
209 1.8383 -3.27585 3.50055
210 1.27192 -3.22432 3.42887
211 0.376631 -2.05947 3.2472
212 0.196273 -1.77218 5.30984
213 0.135786 -2.52796 5.60196
214 0.749112 -1.86465 3.20695
215 0.70287 -1.71656 3.3194
216 0.148213 -7.083 3.83516
217 0.0621091 -6.76903 4.98352
218 0.0153316 -6.03171 0.451731
219 0.63924 -3.98562 5.10286
220 0.132636 -4.39344 5.31833
221 0.659015 -4.06219 3.55942
222 0.756483 -4.22116 3.6654
223 0.336117 -3.95156 4.3897
224 0.53075 -4.09716 3.94369
225 0.360494 -3.99402 5.2942
226 0.599457 -4.22104 3.8683
227 0.360055 -4.87775 3.60416
228 3.02277 -0.65004 0.578969
229 14.5582 -0.704707 0.547284
230 0.209478 -2.59471 0.246373
231 0.437289 -3.26294 5.95843
232 0.365056 -1.49776 1.13552
233 0.736574 -1.75353 1.06548
234 0.400833 -1.48505 0.947881
235 0.91344 -1.21102 1.23177
236 0.125937 -0.121624 1.20914
237 1.54496 0.193598 2.17678
238 1.10514 0.356576 2.02603
239 15.9391 -0.705569 0.538694
240 14.2001 -0.695786 0.549765
241 3.62138 -0.755356 0.622972
242 3.48408 -0.71902 0.611856
243 1.88826 -1.08633 0.554972
244 0.787339 -1.13377 0.655035
245 6.52363 -1.06378 0.662389
246 17.1126 -1.08918 0.687526
247 9.93913 0.165311 3.5436
248 26.9196 0.179158 3.5489
249 3.99685 0.190995 3.63616
250 4.63184 0.162307 3.62347
251 6.13816 0.165022 3.56052
252 2.06923 0.200234 3.57702
253 9.26869 0.127519 3.60247
254 10.4367 0.151413 3.61722
255 3.58858 0.0783473 3.74409
256 1.43743 0.0017234 3.51487
257 30.2463 0.0476349 3.7858
258 67.4316 0.0502198 3.7843
259 0.0956811 2.28963 1.67104
260 0.479595 1.87784 1.19207
261 1.03756 -5.0154 4.20428
262 0.386031 -5.43142 4.31431
263 1.26083 -4.80306 3.72803
264 0.0924304 -5.02617 3.43216
265 0.024121 -4.96982 3.51449
266 0.144591 5.26944 5.42911
267 0.198746 4.68352 4.93219
268 0.257741 6.64716 0.739871
269 0.090598 5.83054 1.8547
270 0.506907 1.51611 5.52044
271 0.152197 2.47206 4.93924
272 1.05901 1.60631 4.20495
273 0.332638 -0.0913543 3.70059
274 0.083306 -0.869541 3.84471
275 2.89065 -0.0973109 3.99673
276 4.61609 -0.0146557 4.01396
277 4.20615 -0.00173836 4.03729
278 1.55075 0.348553 3.9633
279 0.362934 0.499388 3.23268
280 0.284886 3.68959 6.15429
281 0.315958 2.93482 4.206
282 0.00919613 -3.79427 2.17439
283 0.0952513 -1.71018 4.19225
284 0.133405 -0.781838 0.385016
285 0.0682086 0.404166 1.04736
286 0.215284 -0.800006 2.96684
287 0.211189 -0.669372 3.58384
288 0.250956 -1.29062 2.97754
289 0.24902 -1.07242 2.47868
290 0.618119 -1.71268 1.30308
291 0.192215 -1.83148 1.6784
292 0.0465506 -1.76501 0.27777
293 0.0281645 -3.79365 0.855772
294 0.0537311 -3.50541 0.685609
295 0.425831 -2.02675 0.375915
296 0.648555 -1.4555 5.76249
297 1.27267 2.79952 0.205031
298 0.0905632 2.51014 6.2158
299 0.376196 2.34005 5.7962
300 0.822426 2.37672 5.55574
301 0.84483 3.06325 5.91443
302 0.819604 2.61977 5.95547
303 0.27516 3.72046 5.78063
304 1.15982 3.61881 0.454716
305 0.419616 4.03189 5.19043
306 0.112364 3.91477 4.57005
307 0.184125 3.94003 0.9359
308 1.06041 3.74721 1.17314
309 0.131887 3.8141 1.84303
310 0.177518 4.29548 1.77358
311 0.602562 3.70657 2.31782
312 0.0286464 5.20946 4.55959
313 1.15135 4.09964 2.80986
314 0.312736 5.13049 2.53657
315 0.149098 3.87949 2.12247
316 0.18765 5.43203 1.66575
317 0.0925301 5.42713 3.7763
318 0.752771 5.53705 4.83889
319 0.0451374 7.19686 4.23279
320 0.129833 5.06262 0.806005
321 0.635359 5.40721 1.12508
322 0.052081 5.56301 5.65124
323 0.486793 4.28549 5.08535
324 0.0751188 4.66682 1.69895
325 0.0808275 5.97634 0.636579
326 0.370669 2.11482 4.98464
327 0.0180555 -0.724999 3.08215
328 0.570606 -1.94544 3.37419
329 0.127751 0.63991 2.7937
330 0.241675 0.152287 2.19524
331 0.146289 -1.08735 3.53704
332 0.29648 -1.60723 6.03252
333 0.482009 -1.9076 2.48379
334 0.0934679 -1.37097 2.15142
335 0.0864097 -5.17613 3.0708
336 0.309057 -4.75012 3.79202
337 0.0472427 -7.52955 0.288969
338 0.167502 -6.88073 5.59391
339 0.0616439 0.623733 0.403704
340 3.53713 -0.195147 1.24542
341 0.465981 -0.387378 1.43212
342 1.1043 -0.0581046 1.54676
343 70.7724 -0.558297 0.921615
344 0.0226746 -7.15571 0.045678
345 0.477193 -6.68494 5.03245
346 0.0489003 -4.03704 0.672786
347 0.101096 -3.4265 2.95182
348 0.132511 -3.31212 2.34505
349 0.119307 -2.66654 1.4681
350 0.466193 -4.38311 4.38851
351 0.379428 -4.08211 4.28024
352 0.0946581 -4.03011 3.82998
353 0.274604 -4.61027 4.43481
354 0.18372 -0.634392 0.508138
355 3.64556 -0.571398 0.660711
356 23.3369 -0.639238 0.571244
357 2.71065 -0.651742 0.582719
358 4.21513 -0.651044 0.571034
359 7.51849 -0.674889 0.573543
360 1.04481 -2.83178 6.16387
361 0.289388 -3.28953 5.60783
362 0.149209 -1.61044 1.40762
363 0.182098 -0.828695 1.57418
364 4.68411 -0.70963 0.546367
365 10.146 -0.702143 0.528274
366 3.8418 -1.13081 0.677272
367 1.36339 -1.16287 0.726775
368 4.40212 0.148076 3.60579
369 6.39666 0.12688 3.59173
370 2.05402 0.129315 3.68495
371 5.23786 0.142258 3.64589
372 1.67579 0.102921 3.7347
373 5.4733 0.0602303 3.7475
374 4.5337 0.0317837 3.79434
375 14.0789 0.0440071 3.78268
376 0.0170771 0.596139 2.21043
377 0.829096 0.375701 3.39037
378 0.0491996 -0.549158 2.56856
379 0.378013 0.223343 3.17147
380 0.369088 0.472518 2.20297
381 0.110505 1.08154 1.94892
382 0.0875279 -2.30627 3.36393
383 0.276873 -1.60532 3.8589
384 0.145941 -2.64284 3.33619
385 0.176172 -1.83103 3.22383
386 0.0315852 1.83049 3.0243
387 0.677701 1.54584 2.11615
388 0.17566 3.00996 4.0207
389 0.240221 1.43194 3.54075
390 0.0397662 2.70963 1.17426
391 0.172272 3.9243 0.130762
392 0.448288 2.95787 5.53521
393 3.23497 2.88446 5.4505
394 0.893448 2.51369 5.14109
395 0.462443 2.3051 5.12044
396 0.129601 0.783376 2.15749
397 0.040123 1.20278 4.45262
398 0.867921 0.0215684 3.9534
399 5.18102 0.0610895 4.0033
400 6.33288 0.0290383 4.04586
401 9.57556 -0.0202608 4.0282
402 1.61949 -0.098987 4.12162
403 0.566492 0.0329327 4.0723
404 0.44268 0.00763194 4.36787
405 0.0384718 -0.234531 3.3144
406 0.319201 0.988698 2.31454
407 0.0745855 1.79828 2.04302
408 0.0138208 1.16236 0.0546683
409 0.327828 1.31112 3.16577
410 0.224071 2.23764 5.37361
411 0.0231464 1.40033 3.40765
412 0.0300798 -2.91237 1.79383
413 0.262146 -1.74761 2.71701
414 0.0986003 1.05001 6.01406
415 0.0590449 0.204385 1.48816
416 0.26046 -0.76687 2.81795
417 0.115778 -0.0868168 3.17138
418 0.108241 -2.3792 2.06791
419 0.605084 -1.99055 2.42365
420 0.191278 -2.30527 1.31165
421 0.583083 -1.90507 1.34396
422 0.452661 -2.40296 5.92393
423 0.264304 -2.75038 5.74944
424 0.0588759 -2.29997 5.22135
425 0.697049 -1.79052 5.64736
426 0.212563 0.576732 6.19028
427 0.647556 0.193424 5.16802
428 0.0582571 1.62571 4.42849
429 0.208168 0.715347 5.23418
430 0.0273143 0.89199 5.3121
431 0.397219 -0.311807 5.52807
432 0.266635 3.99836 6.19953
433 0.232503 4.42996 0.241352
434 0.0172751 5.19511 0.704128
435 0.32124 5.56547 4.80734
436 0.0691792 -1.3079 0.990124
437 0.128515 -0.74293 2.42124
438 0.0798377 -0.519278 0.79485
439 0.196095 -0.597916 1.93087
440 0.395938 -0.854009 2.733
441 0.210508 -0.724327 3.18603
442 0.112347 -0.318368 0.896234
443 0.153997 -0.702803 6.18891
444 0.06596 -3.33716 0.675083
445 0.151656 -2.68999 1.93474
446 0.284373 -6.15361 5.75526
447 0.325335 -6.16935 6.20247
448 0.0623289 -5.24454 2.55258
449 0.499132 -4.58377 2.9192
450 0.0827319 -5.27195 4.83644
451 0.386844 -4.82351 5.45
452 0.285326 -3.65615 3.68343
453 0.0857818 -3.42561 2.82615
454 1.56524 -0.297383 1.15911
455 0.0732515 -0.485641 1.51217
456 1.28298 0.183722 4.0581
457 3.17863 -0.00770703 4.02924
458 0.226981 -3.5902 0.730555
459 1.54234 -2.46116 0.542405
460 0.0651526 -2.79036 1.92982
461 0.20132 -3.82166 1.44788
462 0.742538 -2.50953 3.06909
463 0.948022 -1.55766 3.87841
464 1.43789 -4.67761 4.15554
465 0.132696 -5.26804 4.41588
466 0.218 -4.33156 4.45513
467 0.337045 -4.19474 3.97167
468 0.344529 -3.67634 4.00962
469 0.752329 -3.93396 3.94998
470 0.779075 -4.14416 4.20217
471 0.193143 -4.1966 3.85645
472 10.7052 -0.689493 0.564952
473 0.509488 -0.733728 0.602149
474 0.201192 -2.09594 5.03814
475 0.164723 -2.42755 5.7133
476 0.178604 -0.995427 1.12616
477 0.444455 -1.46913 1.15614
478 0.145177 -1.13415 1.11293
479 0.976961 -0.829027 1.2993
480 0.440494 -0.763113 0.954824
481 0.282622 -1.13149 1.05031
482 0.525329 -1.14457 1.14668
483 0.0843517 -0.546958 0.938305
484 0.595462 -1.50088 1.35097
485 0.738509 -1.27041 1.19873
486 0.408955 -1.68489 0.849886
487 1.86359 0.150456 1.73304
488 0.101898 0.271087 3.35445
489 0.120368 0.69985 2.14187
490 2.02553 -0.669329 0.530506
491 8.69867 -0.692765 0.552524
492 1.13148 -1.10967 0.710066
493 1.72976 -1.12989 0.804442
494 1.20566 -1.0068 0.640593
495 2.18172 -1.08289 0.674275
496 11.1243 0.196748 3.56744
497 4.63057 0.180632 3.55775
498 1.25552 0.138004 3.48004
499 0.907607 0.245366 3.54677
500 3.40033 0.160324 3.58701
501 2.02919 0.13793 3.63326
502 0.119966 -4.95081 4.19597
503 0.58115 -4.51964 4.46609
504 1.12189 1.72337 2.78484
505 0.0971301 2.18624 3.08503
506 0.0432953 0.384422 2.75661
507 0.0927006 5.47497 1.62144
508 0.0281683 3.86218 5.25657
509 0.107738 6.85716 0.987562
510 0.221587 7.00052 0.0966552
511 0.882898 1.14113 4.69791
512 0.0854621 1.36871 4.25914
513 0.18766 1.78461 4.9116
514 0.428604 1.52321 4.5117
515 2.56541 -1.51184 5.73003
516 2.57818 -1.42506 5.78593
517 2.66145 -1.71192 5.71892
518 10.005 -0.0804792 4.03166
519 3.87031 0.0198169 4.0483
520 1.92516 -0.0274155 4.06293
521 5.72785 -0.0200373 4.01496
522 1.64908 0.0878173 4.01713
523 0.734288 -0.0340357 4.03054
524 2.81544 -0.0454436 3.98902
525 2.09999 0.00964988 3.98227
526 1.78077 -0.0400966 4.01284
527 0.481407 -0.0145189 3.86919
528 0.541732 0.00698352 4.05004
529 5.22422 -0.0668404 4.01865
530 0.0826688 -2.67775 3.15344
531 0.0556892 -2.68111 6.0886
532 0.666675 -0.796982 3.1888
533 0.13782 -0.372793 3.06364
534 0.181439 2.78321 5.13126
535 0.0180843 4.02067 2.4223
536 0.337672 3.7772 6.27152
537 0.296099 3.81402 0.416896
538 0.0785317 3.45179 2.95661
539 0.0895605 4.41614 1.59424
540 0.0962533 3.97991 0.818362
541 0.0620565 3.48726 2.80209
542 0.209863 4.82003 0.906948
543 0.0646822 4.52557 2.09597
544 0.0615817 2.50368 1.89259
545 0.0963943 3.82868 2.96347
546 0.0488231 3.66261 4.71767
547 0.11178 3.37218 0.682676
548 0.0664577 3.94214 2.32464
549 0.197675 3.75806 1.08332
550 0.0469428 5.151 1.92883
551 0.279052 4.30454 2.7454
552 0.0470237 4.45391 2.32284
553 0.204298 4.91408 0.912227
554 0.0474649 5.06458 4.71543
555 0.346613 5.58511 3.76932
556 0.415367 5.07696 4.63064
557 0.162649 5.49978 4.3325
558 0.107557 3.12933 3.97112
559 0.169097 4.03443 4.32668
560 0.194064 3.73053 4.53399
561 0.128438 3.16058 3.89279
562 0.720279 3.7218 4.72709
563 0.0459449 3.41701 4.03753
564 0.0738105 0.394243 1.97931
565 0.0663015 -0.58707 0.0614579
566 0.190348 -6.74364 0.39626
567 0.160624 -5.99558 0.297555
568 1.80962 -0.0295213 1.33664
569 0.437414 -0.00289805 1.18714
570 18.8112 -0.561831 0.954999
571 3.37515 -0.634403 0.904101
572 26.5446 -0.598992 0.940459
573 9.50425 -0.582366 0.952786
574 0.119758 2.29067 5.79183
575 1.03257 2.28366 5.40565
576 0.0673794 2.49275 5.48196
577 0.35546 1.72559 5.86207
578 0.0520768 4.31579 4.91662
579 0.0875253 3.91424 1.36451
580 0.462314 4.98354 5.24278
581 0.00911306 5.54908 2.164
582 0.0737548 -3.8169 1.92223
583 0.0818827 -2.88444 0.310153
584 0.248775 -3.35662 4.93998
585 0.200694 -3.64058 5.47916
586 0.155825 2.13487 2.12379
587 0.0066843 -0.826788 2.45786
588 0.211991 0.936425 4.39198
589 0.040442 0.676268 5.99132
590 0.171578 0.000206574 2.23397
591 0.1065 0.887976 1.83665
592 16.7257 -1.1114 0.679197
593 2.45226 -1.07579 0.658722
594 0.109124 3.52264 2.1292
595 0.280011 -1.96913 5.68739
596 0.132964 -2.03548 0.115497
597 9.40738 -0.000350914 4.04021
598 2.90764 0.0511431 4.0152
599 20.7072 -0.0310751 4.03865
600 15.283 0.00358457 4.00326
601 3.99204 -0.00155415 4.02409
602 0.0502589 0.260449 4.17177
603 3.89776 -0.0222891 4.02885
604 7.10533 0.0019818 4.03715
605 2.02989 0.0458054 4.15307
606 1.41397 -0.0259939 4.18757
607 0.0415584 4.92092 1.32648
608 0.111284 5.40422 3.91457
609 0.0703607 6.54622 2.83908
610 0.0973522 5.14412 3.43972
611 0.121863 4.41467 2.09727
612 0.134298 4.99213 3.00596
613 0.984029 2.07542 4.9743
614 0.322237 2.84703 5.18254
615 0.92284 2.54523 5.6123
616 0.316269 -2.07359 3.23351
617 0.110387 -1.62332 3.80302
618 1.18562 -1.49565 3.51666
619 0.187214 -1.35009 3.26933
620 1.00472 2.32937 5.45465
