##Input pseudojets size 292 of event 9
## pseudojet_index pt eta phi
0 1.52915 -0.412066 5.08414
1 0.258483 -9.89801 0.420595
2 1.52182 3.87874 3.46477
3 0.264565 2.54657 4.55889
4 0.710348 4.78823 2.8091
5 0.533662 4.67007 2.59262
6 0.334293 6.00077 2.17008
7 0.622888 8.61381 0.0426037
8 2.74806 -0.0851955 4.89265
9 8.93534 -0.0202216 5.01719
10 13.4055 -0.0201799 4.89394
11 25.8154 -0.0299982 4.97566
12 15.2362 -0.0998386 5.05234
13 20.0862 -0.124036 5.04908
14 56.5607 -0.147777 5.09107
15 24.4639 -0.151165 5.07586
16 3.78517 1.93419 1.85469
17 2.19693 2.03322 1.92397
18 2.53391 1.937 2.07899
19 13.2198 1.9669 1.84474
20 2.78669 1.96622 1.76681
21 7.54332 2.16954 1.84354
22 15.9763 2.23767 1.87666
23 1.18068 2.19385 2.1267
24 14.1753 2.17716 1.87872
25 23.5164 2.37662 1.88069
26 8.63877 2.4326 1.97372
27 4.01654 2.68252 2.02148
28 2.56503 2.79511 2.07384
29 10.0562 0.448625 4.86427
30 2.22411 0.382649 4.95776
31 0.893001 0.310778 5.48758
32 1.41311 0.542794 4.84163
33 0.792209 0.829715 5.41753
34 0.00430781 4.48071 3.75198
35 0.494897 -8.20534 3.44726
36 0.453738 -4.44761 5.65991
37 0.626774 -2.79951 0.281223
38 0.0943484 -4.92557 1.97874
39 0.569731 -1.26682 0.295541
40 0.493684 -0.945394 2.11532
41 0.534374 0.684541 2.70776
42 0.585458 1.94152 2.33976
43 3.11733 1.31239 2.67159
44 1.64123 1.94019 1.31934
45 6.65356 2.09465 1.36781
46 7.3866 -0.315144 5.23228
47 12.725 -0.375125 5.18912
48 6.46504 -0.357072 5.18488
49 1.7756 -4.85086 1.86484
50 0.439095 -5.91747 1.11471
51 0.239809 -4.44724 2.17387
52 1.09851 2.77933 3.59488
53 1.6744 3.17339 3.15451
54 0.655302 2.77528 3.40595
55 0.481323 4.92495 2.97231
56 0.602483 4.98039 4.34292
57 0.299876 6.92928 4.3681
58 7.41255 0.014307 4.46445
59 9.58847 -0.00668396 4.54856
60 2.9471 -0.0384547 4.43994
61 1.20135 -0.0171107 4.59546
62 10.8746 0.0479002 4.44608
63 15.2781 2.27037 1.88769
64 3.03346 2.38046 1.73952
65 5.05867 2.1205 2.02482
66 20.011 2.34448 1.80632
67 7.76734 2.4132 1.93635
68 8.07491 2.44195 1.86691
69 0.244176 2.20957 2.35778
70 2.35068 2.48301 1.72742
71 4.7681 2.68972 2.2566
72 4.02376 2.77357 1.91391
73 2.3199 2.81283 2.16139
74 3.58915 2.73943 2.23243
75 4.56429 2.82209 2.14369
76 0.115691 2.64587 4.43307
77 0.276842 3.45153 1.73961
78 0.34716 3.76348 5.4296
79 0.471048 3.81456 4.92915
80 0.84833 -4.16723 3.76644
81 0.150183 -4.6724 0.622899
82 0.418098 -0.457625 4.91733
83 0.189016 -2.15359 1.27875
84 1.27377 -0.490232 5.98419
85 0.273201 -0.141332 5.32354
86 1.18756 -1.69098 6.12839
87 1.26634 -1.19385 0.308788
88 0.865659 -1.01838 5.59601
89 1.26069 1.44404 2.64244
90 0.441124 0.635164 2.69048
91 7.01765 1.20638 2.68814
92 0.732405 1.24785 2.47347
93 0.868189 1.92185 2.69603
94 0.141855 1.25673 5.8588
95 0.0718794 2.43228 1.89194
96 3.22037 2.12319 1.32697
97 2.35695 2.02539 1.06594
98 4.29047 1.92911 1.17441
99 0.680352 1.58984 0.933194
100 0.373755 -0.0471934 5.19956
101 0.0771521 0.640577 5.57576
102 2.53195 -0.154616 5.06181
103 3.67833 -0.121392 5.11411
104 2.98649 -0.184281 5.14413
105 1.30575 -0.125851 5.17452
106 0.157516 -5.43883 5.75531
107 0.43385 -5.94138 5.84856
108 0.456254 -5.81561 1.76034
109 0.116681 -6.35676 0.691797
110 0.0544248 -4.91282 5.9781
111 0.340398 -5.1058 0.710706
112 0.426741 -6.79522 4.32964
113 0.208492 -6.79851 2.70941
114 0.342498 -8.06859 3.72805
115 0.16068 -8.52009 4.86512
116 0.723207 4.03957 2.92228
117 0.0428208 4.87386 3.38364
118 0.075555 3.14336 5.15859
119 0.792899 3.12409 3.52764
120 0.0766704 3.53397 4.44189
121 0.0365016 5.39811 5.96511
122 0.260159 4.19244 3.09644
123 0.258599 4.64167 2.83964
124 0.502469 7.38539 0.867799
125 0.243345 7.12135 5.91316
126 2.90786 -0.0777303 4.45446
127 6.36084 0.0276648 4.42417
128 5.30129 -0.00191089 4.96071
129 6.21375 -0.00872143 5.01918
130 7.14246 1.9829 1.87952
131 3.45714 1.97578 1.8533
132 0.211785 1.83145 1.87816
133 6.66736 1.94073 1.90898
134 2.16507 2.13776 1.90429
135 1.40309 2.06341 1.9259
136 0.309713 2.16356 1.89106
137 5.77862 2.16592 1.79015
138 14.2293 2.38615 1.82739
139 8.58556 2.36366 1.84809
140 3.10794 2.26565 1.83731
141 1.68751 2.31345 1.8718
142 5.61724 2.35028 1.97821
143 0.17866 2.26063 1.87761
144 0.209366 2.42466 1.87713
145 13.9134 2.3488 1.85483
146 1.4067 0.404567 4.82952
147 0.172721 0.447962 5.09449
148 14.3693 0.323039 4.86134
149 0.227097 -0.674243 4.69283
150 0.319038 1.11206 4.78034
151 0.558879 0.720084 4.9552
152 0.393315 0.843331 5.21608
153 0.839252 2.364 4.52625
154 0.105496 -5.84456 3.30692
155 0.0442295 -5.9819 0.504826
156 0.794854 -1.6475 5.94351
157 0.207878 -2.14731 5.30865
158 0.274441 -0.230704 2.13299
159 0.264176 0.552899 3.20265
160 0.044737 -0.589785 0.398505
161 0.301821 -1.40654 5.78125
162 0.154198 0.139302 1.4043
163 0.409449 0.0236979 1.9351
164 2.29405 1.16547 2.60662
165 5.00649 1.28389 2.48796
166 2.42232 1.19424 2.52878
167 3.31581 1.16305 2.56854
168 3.842 1.20979 2.61464
169 1.71761 1.58441 1.30998
170 2.12242 1.57911 1.23946
171 1.07176 1.95283 1.23534
172 1.67544 1.93364 1.33426
173 0.0325998 1.60536 1.04042
174 2.30625 2.01785 1.30532
175 0.444097 1.85968 1.0749
176 2.15563 1.99251 1.1118
177 33.3079 2.19973 1.41095
178 11.6438 -0.347686 5.17304
179 2.28197 -0.388133 5.20578
180 0.209781 -0.518888 5.2718
181 3.2086 -0.358197 5.23729
182 2.7953 -0.419875 5.1567
183 3.21513 -0.384828 5.12843
184 0.42189 -4.3445 2.08829
185 0.653322 -4.29952 1.83447
186 0.263885 3.0943 2.92694
187 0.502451 3.08567 2.55419
188 0.0479993 5.81844 2.3608
189 0.181298 5.83582 0.743301
190 0.215893 7.5124 0.852028
191 0.296088 7.98006 1.10228
192 1.03192 -0.0668879 4.41523
193 6.0666 -0.0286513 4.45329
194 2.89029 2.21845 1.78817
195 3.53399 2.24444 1.82146
196 0.902616 2.32606 1.80165
197 8.29302 2.26554 1.83883
198 1.08102 2.47706 2.16411
199 1.77489 2.56701 2.1267
200 1.73552 2.79866 2.10054
201 5.77272 2.83873 2.08595
202 2.93134 2.72556 2.13761
203 7.40912 2.72025 2.16608
204 0.558223 0.515304 4.09414
205 0.185761 0.400996 3.68809
206 0.0519361 -1.2117 4.45345
207 1.1294 -1.06728 4.99843
208 0.0242076 -1.28745 0.341753
209 0.676108 -1.0471 5.54619
210 0.48407 5.25519 3.49487
211 0.142444 6.69111 3.57764
212 0.857632 1.73662 0.973086
213 2.87682 1.53392 1.10945
214 0.797655 -0.391533 5.13834
215 0.00741946 0.322724 3.29085
216 1.25242 -0.098719 5.10181
217 3.24731 -0.129445 5.16128
218 0.0355814 -6.08714 5.41386
219 0.137871 -5.96361 1.71624
220 0.0922788 -7.45893 4.02066
221 0.0613393 -8.33666 5.79163
222 0.0998462 -7.74284 2.98531
223 0.0784338 -7.72732 4.71997
224 0.705802 3.83543 3.23923
225 0.25886 3.55802 3.38859
226 0.171798 3.1498 3.7449
227 0.326617 2.7812 3.30868
228 0.0495331 6.88752 2.81347
229 0.118549 7.50249 0.878427
230 1.03256 0.0847097 4.54422
231 0.934392 0.0416682 4.41363
232 1.05683 -0.0412688 5.06223
233 0.172631 -0.0675861 5.37847
234 0.843976 2.00792 1.78766
235 0.77863 2.08404 1.93588
236 0.172509 2.07984 2.07534
237 0.683239 2.00176 1.68758
238 3.04192 2.09506 1.79798
239 0.492699 2.14542 1.89611
240 3.50779 2.34093 1.8392
241 8.50374 2.34712 1.81527
242 13.4875 0.390452 4.78682
243 7.28676 0.310721 4.81575
244 1.52777 0.23178 4.81713
245 0.237809 0.114433 5.14498
246 0.374918 0.397833 4.79173
247 0.410794 3.05515 4.58232
248 0.133857 2.39371 5.6058
249 0.0303001 0.583848 6.078
250 0.0410721 1.97548 2.92943
251 0.120024 2.11497 0.364632
252 2.36315 -1.04539 5.31856
253 0.515951 -0.707711 5.20245
254 0.140901 -0.801196 5.69936
255 0.303803 -1.08163 0.73263
256 0.658157 -0.243303 5.95014
257 0.589709 1.09446 2.41256
258 0.0272475 2.00376 2.91637
259 0.650026 1.20765 2.54428
260 1.4854 1.26859 2.66747
261 2.14838 1.22897 2.60726
262 0.121006 1.26901 2.48324
263 0.404568 1.27397 2.48951
264 16.0564 2.23796 1.39218
265 5.81105 2.23805 1.44389
266 29.7584 2.2291 1.39163
267 5.52365 2.20009 1.36489
268 1.56171 2.1612 1.38937
269 0.0128777 -6.03373 0.45068
270 0.0229191 -10.134 2.76896
271 0.197561 -7.16843 0.50286
272 0.139232 -6.58049 1.06392
273 2.44021 0.412715 4.85976
274 0.116609 1.43567 3.43102
275 0.0537964 1.95995 5.31868
276 0.203806 -0.364791 5.30701
277 0.0931233 -1.29491 5.48235
278 3.21587 2.23426 1.42558
279 0.474167 2.3018 1.31214
280 3.54124 2.2837 1.41476
281 2.14121 2.34562 1.34479
282 0.964781 2.2635 1.39031
283 44.1579 0.441475 4.80139
284 12.6157 0.436266 4.86131
285 15.1881 0.464333 4.82475
286 8.27823 2.17841 1.3642
287 29.2461 2.20535 1.39855
288 13.3215 0.457025 4.78346
289 5.80227 0.435281 4.85447
290 13.1461 0.429738 4.84865
291 36.5222 0.429818 4.83112
