##Input pseudojets size 323 of event 1
## pseudojet_index pt eta phi
0 0.430958 -1.12927 2.50013
1 12.0059 -0.0446508 4.9533
2 2.32314 -0.196954 4.75531
3 7.2413 -0.0631972 5.10395
4 12.4893 -0.0363432 5.1476
5 4.17818 -0.176882 5.21579
6 9.55807 -0.00721866 5.11261
7 0.669128 0.145712 4.92369
8 0.8295 7.25434 3.8719
9 1.39841 -0.702681 0.0507642
10 41.5766 -0.536897 2.96479
11 102.531 -0.524361 2.95983
12 104.838 -0.531457 2.96287
13 11.712 -0.527986 2.95492
14 1.08492 -0.991634 3.14408
15 12.9209 -0.226442 0.402752
16 5.10786 -0.576773 0.176783
17 1.84296 -0.058983 0.245822
18 0.957995 -0.904016 0.0438096
19 0.621518 -1.1621 0.405062
20 2.13901 -0.638408 6.04521
21 4.21337 -0.909069 6.06028
22 0.104058 6.21887 4.31759
23 0.536152 5.36879 1.37613
24 0.654463 5.37049 3.76088
25 0.738012 0.912064 0.530007
26 0.398922 1.01941 4.02411
27 5.41379 0.226804 2.64217
28 0.389694 0.319228 3.13563
29 0.581757 -0.869536 2.56239
30 0.565748 -0.946144 4.97768
31 3.38597 0.00502241 4.92701
32 38.7069 -0.57079 3.13293
33 0.456685 0.807471 3.53128
34 0.832435 0.266112 6.09291
35 0.18836 3.06238 6.06702
36 0.557982 2.44736 5.86073
37 1.79845 -0.0739089 4.77915
38 5.14306 0.561424 5.54108
39 0.236802 0.0308372 5.17826
40 0.728168 -0.782264 0.814101
41 0.49579 -1.24228 5.28536
42 0.644829 -2.83924 6.19343
43 0.0365408 -5.41921 2.01965
44 0.422095 -4.67981 1.75664
45 0.618153 -5.4183 4.11964
46 0.476036 -5.11629 6.21562
47 0.64342 -6.29092 6.17556
48 0.31697 -7.04572 1.75006
49 0.428997 -6.65981 5.86591
50 0.238743 -7.95397 4.54093
51 0.0407143 -7.48321 4.93941
52 0.254735 -7.34777 2.69194
53 1.28369 -8.37767 1.73998
54 0.176246 0.201775 5.24063
55 0.983771 0.0224074 5.12658
56 6.88149 5.66019e-05 5.08078
57 1.00875 -0.251161 5.03728
58 8.4514 0.0410116 5.12129
59 0.323846 5.34791 2.40215
60 0.221082 5.97631 4.6103
61 1.4699 5.85281 3.53089
62 0.518918 5.68364 3.1329
63 0.202573 7.02357 3.68678
64 0.614453 6.99877 5.7491
65 0.718652 8.82432 0.0676292
66 0.235573 7.70063 5.363
67 46.2512 -0.563634 0.10746
68 63.56 -0.560627 0.114415
69 189.816 -0.557721 0.114126
70 52.5756 -0.554205 0.117957
71 6.30414 -0.579963 0.0840255
72 10.3552 -0.616881 0.112809
73 0.686209 -0.58749 0.252736
74 7.28869 -0.600216 0.0502668
75 0.381464 -0.824307 0.249112
76 46.4327 -0.779626 0.0245146
77 11.8579 -0.563046 2.94702
78 1.18219 -0.413329 3.03245
79 3.46499 -0.447235 3.03688
80 0.824069 -0.254478 2.53569
81 0.344181 -1.20582 3.54499
82 0.281224 -1.82717 3.02519
83 0.867536 -2.22691 1.8281
84 0.456244 -2.30998 2.83402
85 3.24495 -2.06092 1.98775
86 2.10459 -0.224193 0.37026
87 3.23025 -0.893088 6.11397
88 0.294091 5.93673 0.678772
89 0.395116 5.03356 4.24852
90 0.525802 -0.000113701 1.86262
91 0.971019 0.0169517 2.54956
92 0.649968 -0.670062 2.68649
93 0.0971288 1.50801 4.32399
94 1.92377 0.200156 2.53335
95 0.645787 -0.594394 2.74104
96 0.817379 -0.399699 2.48329
97 1.59397 -0.522493 2.27092
98 0.530682 -0.555831 2.91519
99 0.629112 -0.370857 1.91667
100 0.0740119 3.01071 2.57145
101 0.945923 -0.422765 2.94284
102 0.699696 -0.0560821 2.13534
103 1.14108 -0.472556 3.17103
104 0.434411 1.71023 2.30846
105 0.140275 -0.0608829 5.8661
106 0.278941 2.68454 2.32637
107 2.87244 -0.331136 4.97258
108 1.58999 -0.147312 4.7551
109 1.39899 0.262871 4.6773
110 0.919943 0.620243 5.59946
111 1.09326 0.118985 5.68481
112 5.0127 0.449248 5.52459
113 0.136091 -4.35166 1.75858
114 0.368016 -2.96065 1.87954
115 0.900157 -4.20759 5.42311
116 0.952741 -3.95619 0.257324
117 0.220256 -4.81831 1.19869
118 0.180271 -6.90585 1.55257
119 1.6599 -0.53069 0.0032251
120 0.154453 6.70306 6.09937
121 0.604075 0.472266 5.00206
122 0.163697 -0.700422 5.18741
123 0.948235 -0.140926 4.73118
124 15.3676 -0.0145636 5.04721
125 2.27248 -0.0231549 5.06837
126 8.90874 -0.183619 5.0708
127 2.58351 -0.19688 5.04598
128 4.60211 -0.152792 5.16488
129 6.55869 -0.0553855 5.1437
130 3.41147 0.132886 5.1383
131 1.76975 -0.160157 5.16547
132 0.303157 0.00839225 4.9747
133 3.3733 -0.0446852 4.85215
134 2.139 -0.0670705 5.19337
135 3.77911 -0.176824 5.34661
136 0.0214903 5.13517 1.74649
137 1.47805 5.35479 2.48805
138 1.54242 5.11307 3.11954
139 1.39324 5.13804 3.03089
140 0.066392 6.3928 2.44719
141 0.0664246 5.06777 4.06965
142 0.308894 5.87023 3.3219
143 0.078386 5.49473 2.51966
144 0.049259 5.08123 1.55969
145 0.0588451 7.09035 0.699965
146 22.6386 -0.562649 0.113736
147 119.729 -0.561354 0.115982
148 0.28183 -0.420759 6.25877
149 1.38125 -0.570923 0.13134
150 1.2653 -0.525564 6.28012
151 2.4913 -0.676266 6.24493
152 15.3173 -0.824045 0.0233243
153 24.1264 -0.774995 0.00793287
154 0.43624 -1.06135 2.62281
155 0.0290772 -2.10237 3.12936
156 8.5066 -0.186298 0.42559
157 18.4354 -0.177431 0.431719
158 32.6615 -0.201455 0.377891
159 0.820378 -0.222516 0.393265
160 0.541473 -0.871355 0.301665
161 0.655267 -0.178528 0.420041
162 0.16204 -0.585557 0.229946
163 0.697248 0.162411 0.206868
164 0.430714 0.461665 6.25615
165 1.11012 -0.649291 5.93354
166 1.10808 -0.72678 6.0274
167 1.36963 -0.584732 0.0145108
168 0.361581 -0.440539 0.140938
169 1.42566 -0.802729 6.09762
170 1.33226 -0.705683 6.11055
171 6.50179 -0.867215 6.03624
172 0.0618273 -0.109448 0.378201
173 0.101563 -1.36573 1.48473
174 3.30895 0.0580352 4.92092
175 0.892566 0.0706822 4.84338
176 1.76703 -0.540108 3.09897
177 62.7635 -0.572058 3.13393
178 0.166102 1.00943 3.69201
179 0.246617 1.64583 3.53088
180 0.261015 -0.756499 5.10013
181 2.60321 -0.105431 5.15157
182 1.42002 -0.0746025 4.90695
183 1.99086 0.0353675 4.92717
184 0.550467 -0.0521241 5.11396
185 0.0290434 0.533431 2.57458
186 0.109342 0.443602 2.55277
187 0.863343 0.168975 4.80911
188 0.133024 0.483576 4.84902
189 0.223555 0.0152214 5.46382
190 0.440563 -0.557395 5.14557
191 0.245389 0.118996 5.9851
192 0.996267 0.814496 5.61836
193 0.118836 0.774529 5.22559
194 0.330305 -2.07204 0.808249
195 0.425378 -1.53336 1.85912
196 0.282249 -3.21792 0.0740406
197 0.786396 -3.46945 6.22117
198 1.5681 -4.46669 0.418185
199 0.147187 -4.4998 0.698103
200 6.59909 -0.0341452 4.9131
201 0.974158 -0.0652591 4.8699
202 4.98104 -0.08599 5.1103
203 1.88188 -0.0423916 5.10377
204 0.139733 6.40446 4.22952
205 0.073234 5.73399 3.00893
206 0.747567 5.3382 1.90457
207 0.0959118 5.82564 2.0131
208 0.987295 5.40305 3.31468
209 0.0410209 5.71861 2.71456
210 0.48834 6.52617 4.02617
211 0.0978618 6.89957 3.53105
212 17.0285 -0.553764 0.103075
213 4.66887 -0.565635 0.112468
214 18.0795 -0.561247 0.100932
215 1.40176 -0.582772 0.0849451
216 2.3087 -0.492356 0.0834911
217 0.311976 -0.542461 0.234581
218 18.3312 -0.808335 0.0162279
219 1.73967 -0.826621 0.000836008
220 4.96054 -0.557632 2.90879
221 2.82663 -0.556515 2.94482
222 0.115313 -2.13261 2.33357
223 0.071358 -1.9838 4.00052
224 21.8311 -0.181521 0.395068
225 15.6952 -0.188614 0.393378
226 1.49166 -0.726986 6.20073
227 0.535376 -0.764727 0.0639291
228 0.241286 -0.834333 5.66556
229 1.38163 -0.752495 5.88498
230 0.174101 2.67211 1.68085
231 0.290974 2.72119 3.90993
232 0.0275333 0.829098 2.06308
233 1.00747 0.913284 2.89273
234 4.74564 -0.111036 2.52555
235 2.41374 -0.0997407 2.4873
236 0.422971 -0.652481 1.87537
237 0.489808 -0.47165 2.11076
238 0.892828 -0.466449 2.41057
239 1.48584 -0.349331 2.41185
240 0.220008 0.0828476 4.58324
241 0.518134 0.275433 4.23124
242 1.20156 -0.462938 3.25732
243 2.55093 -0.487896 3.03129
244 0.436652 -0.860994 2.98062
245 0.292447 -1.77593 3.6328
246 0.345642 0.361399 2.26891
247 0.206303 -0.117842 2.12247
248 0.335238 -0.437443 2.10527
249 0.33309 -0.82325 2.21696
250 0.363816 2.73922 4.35505
251 0.285691 2.55228 4.73176
252 0.799588 0.103725 5.55768
253 1.23459 0.0248563 5.44702
254 0.116059 -5.9222 6.15705
255 0.225534 -6.71598 5.9774
256 1.09838 -0.247423 5.06458
257 3.46113 -0.0722542 4.98214
258 5.98155 -0.579803 3.00561
259 5.46779 -0.511431 2.98318
260 6.25939 -0.562422 3.0338
261 3.312 -0.608999 3.109
262 0.0920252 1.05608 4.61297
263 0.188756 -1.08387 2.67751
264 0.419165 -0.107381 1.78672
265 0.0833786 0.510706 5.59464
266 0.118809 -6.14956 0.854461
267 0.481105 -5.07744 5.73345
268 0.394846 0.0880341 5.05318
269 0.877834 0.0704481 4.82409
270 0.0490302 0.493477 5.29043
271 0.514925 -0.331926 5.31867
272 0.0621836 4.79606 6.28065
273 0.0367272 6.72988 4.23346
274 0.333022 6.0423 5.12549
275 0.0576245 5.51657 4.28447
276 0.1712 6.5944 5.22471
277 0.316004 6.51575 4.65105
278 1.78117 -0.662964 0.0957596
279 3.57626 -0.662292 0.0422761
280 6.73284 -0.767848 0.0708459
281 1.91466 -0.79026 0.0406615
282 12.2155 -0.775132 0.0142991
283 10.7968 -0.801733 0.0517168
284 0.312709 -0.423248 0.670222
285 0.233612 0.0631023 0.760632
286 12.5204 -0.860344 6.00877
287 20.2919 -0.883415 5.99992
288 13.6766 -0.856214 5.98073
289 27.4191 -0.871134 6.03645
290 30.5305 -0.886075 6.04855
291 273.016 -0.571375 3.11958
292 0.135342 0.906017 4.85901
293 0.144752 -0.0117417 5.02323
294 0.0545457 -0.460193 2.54422
295 0.128739 -1.92575 2.72801
296 0.0952329 -0.0798843 2.56505
297 0.0726053 0.200073 0.712472
298 0.0862528 2.51146 5.54509
299 0.0400633 1.43532 2.44502
300 13.4811 -0.503217 2.9634
301 0.843168 -0.491054 2.92526
302 6.493 -0.527288 2.97063
303 3.02206 -0.557635 2.96789
304 0.0979171 5.50355 5.78783
305 0.065866 6.98363 6.24352
306 1.52395 -0.862481 5.95077
307 1.42624 -0.96389 6.00957
308 7.26342 -0.574759 3.12944
309 11.8557 -0.568897 3.11612
310 12.3896 -0.568159 3.12712
311 3.70248 -0.549081 3.13288
312 2.22242 -0.832383 5.99521
313 17.6798 -0.862135 6.01366
314 2.15014 -0.805493 6.06705
315 4.0597 -0.807671 6.02141
316 14.9853 -0.579435 3.13887
317 74.7703 -0.570168 3.11828
318 13.5604 -0.572789 3.11495
319 46.8318 -0.573297 3.11643
320 61.4092 -0.569982 3.12332
321 55.7543 -0.573359 3.12013
322 42.5807 -0.575502 3.11837
