##Input pseudojets size 679 of event 0
## pseudojet_index pt eta phi
0 16.0191 -1.66154 3.32303
1 17.0587 -1.67415 3.38324
2 11.6464 -0.429305 2.46814
3 6.88615 -0.446441 2.63484
4 4.40065 -0.290498 2.76095
5 5.48945 0.222705 2.59653
6 1.06165 0.365689 2.47033
7 0.629499 1.43148 1.58815
8 0.48106 6.03237 3.2599
9 0.282359 4.31372 2.0522
10 0.546422 5.4199 4.24178
11 0.357007 5.63472 3.57276
12 0.732578 3.9972 3.86198
13 0.464747 2.89895 4.38365
14 0.205143 3.36049 1.67274
15 0.367048 -3.86582 6.11213
16 0.299801 -3.44292 3.69247
17 0.364612 -4.95416 0.810015
18 0.175531 4.56922 1.2158
19 0.395969 4.94362 3.08376
20 0.366138 5.34556 5.0762
21 1.03037 3.28752 4.82134
22 2.66224 3.05168 6.1339
23 0.951014 2.1616 5.56293
24 0.854255 2.71377 0.207131
25 0.136956 1.28517 4.68665
26 0.983374 3.6182 5.28952
27 0.702805 4.22046 0.252365
28 0.985397 1.1173 0.259464
29 0.122474 3.25235 0.340681
30 2.59323 2.0479 6.16307
31 22.8281 -0.396408 6.24211
32 4.26237 -0.479012 6.20712
33 5.62766 -0.132874 5.97486
34 3.37247 -0.433384 6.04281
35 0.666238 -0.746703 5.67785
36 0.185311 0.464218 4.03573
37 0.35771 -0.149315 5.69938
38 0.403961 0.949069 4.57366
39 0.168227 1.37771 6.20705
40 1.36292 1.73534 4.47664
41 0.996768 1.51767 4.26229
42 2.745 -0.00784291 1.55357
43 0.40916 -0.165768 1.71305
44 1.0806 -0.0229774 2.178
45 0.40997 0.803952 3.47815
46 2.03444 0.624035 2.52482
47 0.903137 0.826951 3.12906
48 7.75236 0.780785 2.46754
49 0.240103 -0.0337187 3.49614
50 0.597762 -0.19541 4.49362
51 0.350682 -3.90869 0.931601
52 1.94448 -0.360702 5.41324
53 4.87951 0.112985 5.77334
54 8.86638 0.213522 5.77323
55 7.37571 0.129962 5.7844
56 2.41505 -0.284267 6.12035
57 2.02696 0.0621278 0.0434437
58 0.246364 0.667759 5.72889
59 3.38619 -0.0308679 5.9965
60 2.4127 0.176412 6.16038
61 1.40641 0.261572 6.18215
62 4.33222 0.0938183 6.01065
63 0.206058 -0.917006 6.2509
64 0.936243 -0.859815 5.6999
65 4.38905 -0.885178 5.92763
66 2.70187 -0.850739 0.44832
67 3.593 -0.71798 0.563811
68 2.37356 -0.38957 6.0542
69 1.43335 0.152675 5.68824
70 0.177467 0.618421 2.94351
71 0.114404 -0.159781 5.48624
72 0.810418 -0.0360791 4.49956
73 1.65389 -0.101572 4.13516
74 5.47657 -0.369296 3.92314
75 2.35535 -0.305347 3.90703
76 1.01823 -2.13689 4.23282
77 0.373042 -0.747519 3.21057
78 0.871642 -1.30753 4.85675
79 0.208773 -4.96192 1.64076
80 0.115224 -6.8319 5.4862
81 0.355591 -5.03894 3.74841
82 0.292415 -2.23317 5.49098
83 0.258414 -3.1957 1.4336
84 0.497775 -0.63813 2.34628
85 0.763315 4.25033 0.776998
86 0.268204 8.51428 0.93286
87 1.34423 6.92415 5.14107
88 0.777107 7.31714 2.39203
89 0.563795 8.23572 5.20307
90 0.190001 6.74976 1.50108
91 0.394513 5.45617 0.906525
92 0.201912 2.25755 5.13615
93 0.527921 0.422117 4.00008
94 0.383809 0.288798 3.4206
95 0.382254 0.729786 2.17025
96 0.338169 -2.65503 4.37316
97 0.364362 -3.43238 0.772787
98 1.05873 -3.42981 3.99082
99 0.182522 -7.00326 2.30726
100 0.723637 -8.49811 5.59671
101 11.7364 -1.71743 3.37577
102 18.2387 -1.70217 3.35976
103 16.1176 -1.67037 3.38564
104 0.236782 -4.02207 3.81263
105 0.555522 -2.70134 4.69382
106 0.281125 -2.07309 6.02886
107 1.13278 -0.640653 4.13137
108 0.401712 -2.2013 4.83419
109 0.0696201 1.46111 4.90485
110 0.911157 -0.191736 3.2345
111 0.698299 1.30742 0.572056
112 0.264692 4.52922 1.62329
113 0.784656 3.2445 3.6111
114 0.371179 4.20458 4.86786
115 0.0905109 1.11883 6.03036
116 0.431039 -1.87801 0.459675
117 0.538179 -6.51095 4.13682
118 0.187696 -7.10387 5.97507
119 0.228382 -5.49305 2.17518
120 0.626744 -5.50838 1.67622
121 0.403819 -5.80314 1.20115
122 0.289942 -6.89056 1.30788
123 0.361883 -5.47649 2.72709
124 0.783296 -5.12458 0.394522
125 1.14044 -4.36772 4.8201
126 0.177831 5.037 6.20542
127 0.124877 3.69607 5.94923
128 0.361302 4.41686 1.02935
129 0.285125 3.37804 0.346661
130 0.0527066 4.90348 0.112912
131 0.125454 6.32317 3.68469
132 0.530224 3.57554 1.69974
133 0.416955 3.69794 0.61504
134 0.736285 2.68213 0.0675945
135 0.285595 3.83721 1.36048
136 0.285172 2.92735 5.82902
137 0.633371 -3.90947 1.38546
138 0.311563 -3.85953 5.59682
139 0.72079 -2.34864 3.1074
140 0.194652 -1.60454 1.59778
141 0.413833 -1.42492 0.91353
142 0.193229 0.70741 4.98319
143 1.6149 2.09804 6.03001
144 0.0337756 3.92258 3.27423
145 0.258484 1.46207 5.52449
146 0.759576 2.19032 1.30211
147 0.342989 2.52275 6.14286
148 4.42939 -0.334061 0.0125338
149 11.1812 -0.406098 6.22932
150 1.54326 0.036183 6.28171
151 1.06882 0.17358 4.86022
152 0.448328 0.867901 4.11195
153 2.51429 0.310312 4.06247
154 1.48833 0.599879 3.88296
155 0.436197 1.58687 2.3938
156 0.625403 0.909501 4.27372
157 3.42487 -0.0367023 1.62013
158 0.852906 -0.192589 1.61481
159 0.974914 -0.222935 1.89969
160 1.53136 0.149201 2.44995
161 1.45842 0.566828 2.77397
162 0.605928 0.122642 3.27205
163 0.237968 -0.0560926 2.53864
164 1.32352 0.487335 2.54747
165 0.564305 -2.57953 0.448041
166 0.310322 -2.12578 2.89933
167 0.130144 -4.39183 0.0949703
168 0.331293 -0.670466 5.446
169 0.465518 0.217898 3.28403
170 0.306676 0.28834 1.39787
171 0.299464 1.39765 4.56203
172 0.474291 1.68277 4.78136
173 0.400878 1.32373 2.26546
174 1.42009 2.59264 3.0813
175 0.368972 1.39584 1.3457
176 0.660111 -1.91929 2.34952
177 0.242369 -4.31157 5.56233
178 0.0712779 -2.4847 3.73551
179 1.23707 -5.04196 1.63037
180 0.25066 -4.66449 2.30808
181 0.350162 -4.65148 4.90472
182 0.46925 -4.21223 2.78334
183 0.509716 -5.16937 1.70981
184 0.219887 -3.66209 0.434923
185 0.375457 -3.19666 3.48644
186 1.62825 -0.0483535 5.6393
187 2.44547 0.242843 5.83846
188 21.5292 0.249124 5.72002
189 6.88808 0.223044 5.95279
190 0.583949 0.0852129 5.76995
191 0.807043 -0.796176 5.38219
192 1.89388 -0.440099 5.89598
193 11.9257 -0.849725 5.93126
194 6.38243 -0.777028 5.94168
195 2.55661 -0.772666 6.2261
196 0.726922 -0.950234 6.25098
197 7.72221 -0.735971 0.524902
198 1.04064 -0.541869 0.551607
199 1.58763 -0.893935 0.507482
200 1.849 -0.89565 0.579224
201 1.32009 -1.2328 0.432226
202 1.44379 0.339635 6.04964
203 0.196311 -1.62056 4.15265
204 1.5066 -0.274167 3.99797
205 0.233633 0.393072 3.8266
206 1.72271 -0.401368 4.00208
207 0.720976 -0.889372 4.60089
208 0.585721 -1.33322 3.07359
209 0.795718 -2.38597 3.0549
210 0.723567 -2.15005 5.69358
211 0.151066 -1.95282 3.33017
212 0.2516 -2.95918 1.77485
213 0.875504 -1.53429 3.89702
214 0.268701 -0.966289 2.89726
215 0.807685 -5.7452 1.75853
216 0.567128 0.308998 5.19864
217 0.565113 -0.978962 4.34646
218 0.151584 2.65136 1.31112
219 0.119994 -0.58199 3.00852
220 0.169267 3.07396 4.73866
221 0.382131 4.54853 3.86861
222 0.653706 5.17027 1.78229
223 2.32602 6.20037 1.2285
224 0.291046 6.31034 5.98166
225 0.650415 4.24521 1.50491
226 0.305561 3.49351 6.2115
227 0.490634 4.09013 2.12703
228 0.2798 -3.36115 0.272539
229 0.632998 -5.75677 1.39012
230 2.27362 1.74537 3.23781
231 0.111704 -1.99621 5.67753
232 0.16215 -3.59509 1.98922
233 0.74291 0.287116 6.14995
234 3.11137 -0.420115 2.55556
235 0.863292 -0.414629 2.48902
236 1.18407 -0.235039 2.43065
237 0.486922 -3.00367 0.579365
238 0.364308 -2.97697 0.900107
239 8.08174 -0.16633 2.79045
240 3.63941 0.0396579 2.57649
241 0.808452 -0.100562 2.81822
242 0.400131 -0.275296 3.02501
243 0.672279 -0.476856 2.86061
244 1.27098 0.129604 2.33637
245 0.685606 -0.00411847 2.39115
246 0.496852 1.69398 1.68781
247 0.0699355 3.46227 2.27127
248 0.265511 0.552185 0.938207
249 0.170756 1.63185 1.34347
250 0.444374 2.0032 2.54974
251 0.34706 5.1222 2.36979
252 0.145445 7.16447 2.03939
253 0.142932 4.51109 1.39242
254 0.17249 4.06599 0.641707
255 0.0911293 4.66323 5.45405
256 0.386149 4.85897 6.16101
257 0.176328 5.06214 4.67372
258 0.0292501 4.26545 0.4078
259 0.804309 3.74121 4.28459
260 0.0472175 4.97131 5.18383
261 0.106025 4.45101 4.47588
262 0.670368 4.13043 4.1581
263 0.0469134 2.4602 0.272626
264 0.723742 2.4699 5.80589
265 0.0191101 -4.15844 4.39623
266 0.250857 -4.74195 0.49511
267 0.200895 -4.72141 0.041694
268 0.215993 -5.60643 3.20574
269 0.035404 -8.6023 4.74622
270 0.454778 -6.38937 1.43906
271 0.116285 -7.54574 4.02207
272 0.254903 -7.61976 3.22026
273 0.0567442 -4.43951 3.70152
274 0.117753 -5.04936 1.9583
275 0.651789 -4.56488 4.15607
276 0.316059 -4.33676 3.96557
277 0.234343 -3.87782 5.45467
278 0.192487 -4.25236 3.71152
279 0.226566 -4.36724 6.21222
280 0.64162 4.42931 0.823997
281 0.564068 4.53606 0.390015
282 0.377237 3.89457 5.564
283 0.129882 5.2482 2.35944
284 0.572606 5.41171 1.47678
285 0.157015 5.10451 1.14737
286 0.0523324 2.48263 1.84147
287 0.733704 2.12471 2.43765
288 1.0839 4.39916 0.493925
289 0.267485 3.8802 0.597919
290 0.143676 -3.43023 2.50403
291 0.16737 -2.7231 3.22867
292 0.259177 -1.58543 1.51191
293 0.278369 -0.263797 0.496779
294 0.0516548 2.80832 6.0725
295 0.338844 1.94082 5.57758
296 0.544151 2.40003 5.94601
297 0.229845 2.62372 5.63586
298 0.444338 2.5489 5.3718
299 0.096815 2.61291 6.03132
300 9.41476 -0.382315 6.22617
301 13.9044 -0.34674 6.2368
302 5.70056 -0.347978 6.1941
303 19.8662 -0.340376 6.20425
304 0.131903 -0.0780354 4.0915
305 0.0557831 0.737699 5.54857
306 0.659752 0.272415 4.4442
307 0.375817 -0.238887 4.15536
308 0.278223 0.418934 3.7388
309 0.930759 0.484475 3.48106
310 0.311421 0.0908081 1.28497
311 0.842787 -0.158308 1.20106
312 2.70385 -0.0372522 2.22257
313 0.294454 -0.487677 2.5436
314 2.3196 0.29952 2.64295
315 0.758367 0.580746 2.68435
316 2.40714 0.268927 2.27356
317 0.880303 0.211834 1.89939
318 0.276661 0.485348 2.36532
319 2.84686 0.55351 2.50138
320 1.27955 0.852291 2.48719
321 2.09144 0.66741 2.71778
322 2.63423 0.52212 2.48737
323 0.512622 0.628499 2.44084
324 15.1692 0.693371 2.40685
325 32.5846 0.694554 2.45507
326 0.118677 -2.29451 3.34841
327 0.0887948 -1.52432 4.45571
328 0.775368 2.10774 2.82943
329 0.20557 3.06754 2.05526
330 0.0754581 1.61211 3.82862
331 0.243923 1.25716 4.79446
332 0.392937 1.4895 3.20843
333 0.928124 1.60725 3.01821
334 0.101208 -2.74201 1.52186
335 0.440523 -0.486747 5.65158
336 1.53139 0.0435765 5.66012
337 3.04012 0.104218 5.67545
338 5.05159 0.252639 5.72807
339 13.3609 0.248112 5.75517
340 6.48656 0.246114 5.77766
341 3.85222 0.31176 5.70971
342 5.87576 0.172267 5.77801
343 0.294454 0.255354 1.5305
344 0.177887 -1.05479 6.111
345 6.74451 -0.834431 5.93121
346 0.861566 -0.809151 5.88124
347 5.64872 -0.757442 5.91467
348 2.85112 -0.801156 5.93465
349 0.0770071 -0.522297 5.46163
350 0.267357 0.143701 5.75286
351 0.0234472 1.49416 0.389496
352 0.473931 -0.485346 0.675258
353 0.835327 -0.601468 0.855844
354 0.604049 0.32169 6.22903
355 0.882682 0.458429 0.0702026
356 0.0347854 -0.474744 2.66897
357 0.15649 -1.02352 0.552371
358 1.93395 -0.317327 3.9313
359 0.417578 0.221696 4.06774
360 0.928283 -0.521924 4.30914
361 0.207329 -0.115067 5.06711
362 1.26245 -0.496326 3.73816
363 0.0597484 -0.33218 3.81975
364 0.239784 -0.814099 5.25833
365 0.36603 -2.25908 5.45154
366 0.217626 -1.35204 4.81348
367 0.163974 -1.75009 5.41409
368 0.416275 -1.22055 4.70574
369 0.0226038 -2.4749 5.08955
370 0.946239 -0.998134 4.67063
371 0.822427 -0.488132 5.01864
372 0.546214 -5.90804 2.09033
373 0.0401443 -5.71208 3.01286
374 0.0277873 -6.91314 2.24293
375 0.252093 -3.96383 1.41775
376 0.172279 -3.05373 2.32277
377 0.0996661 -5.27758 2.952
378 0.126982 2.32296 6.25398
379 0.395316 3.16736 0.603472
380 0.0758849 4.3447 0.501563
381 0.344042 2.89025 6.0674
382 0.249535 4.71553 4.21528
383 0.247273 3.31244 3.32599
384 0.558326 3.99192 4.71608
385 0.0438298 4.63859 5.28178
386 0.342762 5.19139 2.09937
387 0.0643805 5.50097 2.98153
388 0.204371 4.06095 3.93739
389 0.295397 4.15139 4.89058
390 0.0632801 2.69053 1.34866
391 0.612621 3.08745 0.784095
392 0.366286 0.217796 0.485615
393 0.13958 -0.868453 2.02908
394 0.664323 -2.15604 0.755699
395 0.0694905 -1.6322 1.09486
396 0.129517 -5.00928 0.329748
397 0.632428 -4.7918 0.530765
398 0.24345 -7.5557 3.33781
399 0.266751 -6.03147 4.31171
400 0.487482 -6.83679 1.34641
401 0.139273 -6.85854 5.50578
402 11.5 -1.68986 3.3762
403 33.5736 -1.68316 3.37468
404 2.47771 -0.430656 2.57694
405 2.05572 -0.485934 2.55412
406 0.579123 -4.10414 5.86667
407 0.135184 -3.62949 5.8104
408 0.381383 -2.55369 3.54293
409 0.24012 -2.56714 3.09331
410 0.0510881 -0.546788 0.800294
411 0.0550229 1.09716 2.96108
412 4.06938 -0.217747 2.81606
413 10.8471 -0.232529 2.80212
414 0.179244 0.384637 2.29003
415 0.207001 -0.277808 2.1002
416 0.1525 0.128114 4.85927
417 0.0563153 -0.496195 0.00586559
418 0.0027969 7.49115 0.737334
419 0.732228 5.54533 3.37794
420 0.201324 2.73228 3.46368
421 1.2051 2.68716 3.73481
422 0.136655 -2.9841 5.94931
423 0.0935158 -3.96609 5.32151
424 0.047863 -6.09092 6.13609
425 0.167712 -4.70342 6.01266
426 0.229908 -7.0323 2.35788
427 0.0454815 -7.09551 3.79751
428 0.392685 -7.01817 2.59872
429 0.052117 -7.19588 5.69708
430 0.952027 -5.25114 1.32379
431 0.468741 -5.43876 1.24946
432 0.0571672 -4.09582 1.87983
433 0.0814156 -2.78763 3.42302
434 0.635542 3.46447 0.865052
435 0.319275 3.414 1.16151
436 0.0821918 4.96388 0.139438
437 0.631237 5.49095 0.398782
438 0.215786 5.65619 1.6066
439 0.536475 5.45683 1.2621
440 0.458223 3.50623 0.259897
441 0.0620995 3.6188 1.07444
442 0.150667 3.49976 5.31957
443 0.284428 4.09404 5.07099
444 1.13342 2.93724 0.148926
445 1.02179 3.06257 0.150447
446 0.20739 1.583 4.08448
447 0.0999458 1.59798 5.06015
448 0.0918585 -0.373817 6.15474
449 0.322001 0.0974981 5.51988
450 0.251882 -0.766303 3.37451
451 0.320612 -0.341735 3.16767
452 0.0784072 4.16625 2.04624
453 0.0535776 3.57274 5.34805
454 1.82701 -0.266059 6.05472
455 0.92475 -0.16323 6.06889
456 1.53737 0.443714 4.06979
457 2.81341 0.46422 4.13137
458 0.441657 0.330356 1.26452
459 1.17555 -0.0707556 1.62783
460 0.161951 1.31 2.29112
461 0.360009 0.915938 2.68765
462 0.161949 -0.902739 1.98916
463 0.0468824 0.305681 1.0917
464 0.277374 1.2203 2.43812
465 0.0717779 1.56292 3.36328
466 0.415159 0.674843 2.55417
467 1.32133 0.814461 2.67124
468 2.78938 0.762203 2.50042
469 0.0846391 0.490225 2.44804
470 0.356231 1.22093 2.78691
471 0.923144 1.1338 2.56782
472 0.261887 -1.56294 4.66207
473 0.184877 -2.14948 4.81154
474 0.448019 1.3533 3.30461
475 0.192999 1.26273 2.85072
476 0.0202377 2.90296 3.16274
477 0.705839 1.96931 2.57231
478 0.169095 -1.53146 0.795333
479 0.0997975 -0.844953 1.5834
480 0.25272 -1.29881 1.30596
481 0.265722 -0.988789 0.885222
482 4.74183 0.303017 5.75064
483 2.02002 0.176797 5.74192
484 0.221559 0.058368 5.53298
485 0.20501 0.604911 5.22369
486 0.419459 -0.736385 5.91861
487 0.324904 -0.882794 5.58204
488 1.06542 -0.965875 0.695179
489 0.266212 -0.745026 0.81881
490 0.628392 -0.633049 0.613385
491 0.0486667 -0.442802 6.12996
492 3.61376 -0.82807 0.74938
493 0.564359 -0.799494 0.839504
494 0.251664 -0.440583 4.71823
495 0.282576 0.0459724 4.59667
496 0.00995691 1.80958 1.95832
497 0.0678209 -1.55576 1.90706
498 0.118675 0.0859779 3.90379
499 0.159438 0.736877 4.64454
500 0.170994 -1.63362 5.63662
501 0.0162821 0.408478 4.76846
502 0.305223 -1.27925 4.12022
503 0.422688 -1.51125 3.82391
504 1.15249 -1.23829 3.42234
505 0.208191 -1.24449 3.69871
506 0.211233 -5.40117 3.70928
507 0.0584988 -4.86262 4.85616
508 0.0350146 -2.92851 2.93338
509 0.0397067 -0.478271 0.567924
510 0.10825 -2.07725 1.54214
511 0.118957 -1.01792 1.11012
512 0.318664 1.16573 2.79486
513 0.11429 1.84057 2.96031
514 0.497945 6.46537 1.61028
515 0.836306 6.63819 1.4927
516 0.0647037 2.17719 2.9727
517 0.219776 1.67881 4.0358
518 0.258225 -1.29972 3.62871
519 0.299527 -1.61187 4.00145
520 5.51615 -0.494902 2.46837
521 0.567106 -0.517751 2.54762
522 1.76928 -0.227446 2.85988
523 8.81483 -0.210521 2.77831
524 0.321635 -4.76176 5.53892
525 0.353755 -5.00942 4.26785
526 2.04449 0.10306 5.82325
527 2.51061 0.213744 5.67957
528 0.536335 -1.42097 3.63412
529 1.42827 -0.974017 3.54048
530 0.19 1.13959 4.75031
531 0.252265 0.732797 0.79435
532 1.2427 -0.136515 2.39024
533 0.312908 0.105302 2.91925
534 0.0367743 0.173108 2.34907
535 1.26228 -0.0766341 2.93156
536 0.0172114 1.93471 5.94842
537 0.372461 1.14918 1.33252
538 0.619243 0.975509 0.0451796
539 0.0225622 0.768589 1.23755
540 0.0858383 1.7937 3.90797
541 0.0304905 0.233174 0.866515
542 0.228774 1.86395 5.24806
543 0.0428779 1.40286 3.85776
544 0.325491 1.11462 5.06348
545 0.0135422 2.07153 2.8827
546 1.53154 1.6678 3.20113
547 1.68136 1.92569 2.52056
548 0.267764 2.89426 4.50749
549 0.141214 3.44437 4.92466
550 0.707834 3.85243 3.50012
551 0.00235634 6.19913 5.26052
552 0.0829688 -3.96937 0.0574544
553 0.101774 -4.29657 4.74501
554 0.16185 -6.31247 2.85403
555 0.195401 -6.4074 2.08195
556 0.229766 -3.718 1.93875
557 0.00678473 -1.36137 4.05487
558 0.271844 -3.71291 0.74068
559 0.127649 -4.80395 4.59462
560 0.00797006 2.4044 3.87456
561 0.258903 4.47836 5.82848
562 0.0786527 -2.27142 1.79842
563 0.329993 -1.45863 1.73388
564 0.0416295 -0.479589 0.741038
565 0.115933 -0.503323 3.40325
566 0.887272 -0.2622 6.27108
567 2.6726 -0.328978 6.21431
568 0.113968 -0.518535 0.0516971
569 0.0439052 0.988171 1.04472
570 0.241792 -0.523 6.11438
571 0.236163 -0.203427 5.64526
572 0.408446 0.0870616 0.0617908
573 0.347215 -1.26136 6.27162
574 0.187423 -0.561218 4.33959
575 0.102054 -1.17916 5.10542
576 0.105163 -0.209875 4.60244
577 0.242499 -0.963368 4.9496
578 0.715358 -0.0838331 4.3633
579 0.185667 -0.618711 5.91749
580 1.60034 0.0140668 4.39381
581 0.705766 -0.111736 4.37696
582 0.0788065 1.19845 3.04652
583 0.205959 0.532301 2.20851
584 7.71086 0.649731 2.4054
585 7.33959 0.697952 2.51176
586 0.170592 1.6325 2.49224
587 0.0312146 1.63606 4.85362
588 0.569994 -3.34197 2.62425
589 0.329098 -3.64641 4.74119
590 0.812056 0.256368 5.50965
591 0.0605006 0.798014 5.24387
592 1.20865 0.331239 5.65021
593 0.994996 0.325948 5.52716
594 0.422026 0.381202 5.62702
595 3.08586 0.268029 5.59283
596 47.973 0.264162 5.72066
597 11.5016 0.273532 5.71802
598 0.0562869 -0.335646 4.79381
599 0.00519546 3.82772 4.79903
600 0.186456 -1.48526 5.98119
601 0.366404 -0.974517 5.99167
602 0.360842 -1.11365 0.089738
603 0.223138 -0.789331 6.0245
604 0.0708374 -0.473382 0.288222
605 0.237604 -1.47145 0.317531
606 6.061 -0.822931 5.96101
607 0.56502 -0.803142 5.8383
608 0.103684 -1.19875 3.42257
609 0.217386 -0.50905 3.99006
610 0.218442 -2.07015 3.45555
611 0.311702 -1.9971 2.93768
612 0.0550691 -0.932807 4.69443
613 0.412159 -1.14926 3.79512
614 0.0361832 -0.4643 3.34548
615 0.111956 -1.16728 0.335303
616 0.0382323 -1.92714 1.35907
617 0.0308278 0.676207 4.146
618 0.196067 -0.957475 2.69403
619 0.07497 0.101334 2.59551
620 0.355428 -4.89906 0.508726
621 0.0323045 -3.85428 6.15489
622 0.0837054 -3.30185 4.92443
623 0.0447195 -1.8761 0.447206
624 0.149515 2.42068 3.83205
625 0.0198016 4.48409 4.2272
626 0.169222 3.17619 1.88058
627 0.0943236 2.70445 2.87782
628 0.0469439 4.00144 4.48532
629 0.11006 2.58289 5.61892
630 0.0468629 3.65018 1.25902
631 0.174541 4.74779 2.24555
632 0.233133 0.148424 5.90812
633 0.071765 -0.847925 6.01487
634 0.0680686 -6.09772 2.91836
635 0.0573712 -4.61541 4.5068
636 0.373935 4.04414 1.19201
637 0.015115 4.27917 3.38649
638 0.402876 3.41887 1.44391
639 0.309265 3.15416 1.16782
640 0.0738 -0.18857 2.73128
641 0.651433 0.362748 2.99134
642 0.101635 1.40176 3.61896
643 0.284844 0.644978 3.44917
644 0.433996 -0.348843 2.32648
645 0.116379 -0.846245 2.65688
646 0.973592 -0.261133 2.61697
647 0.498616 -0.453478 2.63748
648 0.741432 -0.382085 2.4766
649 0.376493 -0.583009 2.63413
650 0.114818 1.66579 2.21669
651 0.314954 2.26673 1.85177
652 8.39506 0.707604 2.4427
653 1.00298 0.717345 2.39721
654 0.552676 0.741199 2.47091
655 5.80039 0.667826 2.45367
656 3.50195 0.725606 2.47019
657 7.05375 0.739824 2.44705
658 2.23455 -0.505843 5.77972
659 3.02128 -0.400884 5.84399
660 1.73467 -0.370864 5.79324
661 9.69886 0.697164 2.45161
662 28.75 0.718987 2.44537
663 8.00031 0.689069 2.45183
664 2.10138 0.687044 2.41897
665 11.0644 0.700028 2.43836
666 1.54379 0.727711 2.45569
667 0.838915 0.689277 2.37781
668 1.77416 0.694616 2.48838
669 0.852444 -0.444116 5.60663
670 0.0939508 -0.913961 5.55514
671 1.77425 -0.592857 5.74039
672 1.37172 -0.740193 5.72209
673 4.34511 -0.51514 5.467
674 3.18592 -0.344836 5.60313
675 0.634776 -0.428416 5.76745
676 1.0553 -0.430612 5.60236
677 0.00545741 0.461439 0.803018
678 1.0244 -0.770027 5.74703
